300.000 2.8000e+01
631.538 2.2351e+01
631.683 2.2205e+01
631.829 2.2199e+01
631.974 2.2123e+01
632.120 2.2327e+01
632.266 2.2254e+01
632.411 2.2053e+01
632.557 2.2431e+01
632.702 2.2034e+01
632.848 2.2902e+01
632.994 2.2709e+01
633.139 2.2985e+01
633.286 2.2637e+01
633.431 2.2720e+01
633.577 2.2917e+01
633.723 2.2540e+01
633.869 2.2385e+01
634.015 2.2686e+01
634.161 2.2891e+01
634.307 2.2620e+01
634.453 2.3684e+01
634.599 2.3030e+01
634.745 2.2836e+01
634.892 2.2353e+01
635.038 2.2222e+01
635.184 2.2367e+01
635.330 2.2226e+01
635.476 2.2831e+01
635.623 2.2468e+01
635.769 2.2485e+01
635.916 2.2370e+01
636.062 2.2608e+01
636.208 2.2681e+01
636.355 2.2264e+01
636.502 2.2274e+01
636.648 2.2431e+01
636.795 2.1967e+01
636.942 2.2472e+01
637.088 2.3434e+01
637.235 2.2650e+01
637.382 2.2127e+01
637.528 2.2297e+01
637.675 2.2403e+01
637.822 2.2889e+01
637.969 2.3358e+01
638.116 2.2340e+01
638.263 2.2271e+01
638.410 2.2485e+01
638.557 2.2576e+01
638.704 2.2677e+01
638.851 2.2374e+01
638.998 2.2412e+01
639.145 2.2063e+01
639.292 2.2255e+01
639.440 2.2328e+01
639.587 2.1847e+01
639.734 2.3875e+01
639.881 2.2181e+01
640.029 2.2342e+01
640.176 2.2527e+01
640.323 2.2222e+01
640.471 2.2297e+01
640.618 2.2308e+01
640.766 2.2184e+01
640.914 2.2194e+01
641.061 2.2227e+01
641.209 2.2618e+01
641.356 2.1916e+01
641.504 2.2265e+01
641.652 2.2650e+01
641.800 2.2411e+01
641.947 2.2683e+01
642.095 2.2869e+01
642.243 2.2534e+01
642.391 2.2582e+01
642.539 2.2579e+01
642.687 2.1997e+01
642.835 2.2764e+01
642.983 2.2497e+01
643.131 2.2541e+01
643.279 2.2657e+01
643.427 2.2507e+01
643.576 2.2455e+01
643.724 2.2412e+01
643.872 2.2348e+01
644.020 2.2634e+01
644.169 2.2580e+01
644.317 2.2296e+01
644.465 2.2649e+01
644.614 2.2069e+01
644.762 2.2183e+01
644.911 2.2462e+01
645.059 2.2313e+01
645.208 2.2418e+01
645.356 2.2728e+01
645.505 2.2359e+01
645.653 2.2592e+01
645.802 2.2628e+01
645.951 2.2350e+01
646.099 2.2648e+01
646.248 2.2628e+01
646.397 2.2670e+01
646.546 2.2550e+01
646.695 2.2425e+01
646.844 2.2703e+01
646.993 2.2295e+01
647.142 2.2281e+01
647.291 2.2030e+01
647.440 2.2172e+01
647.589 2.3308e+01
647.738 2.2836e+01
647.887 2.2127e+01
648.037 2.2043e+01
648.186 2.1984e+01
648.335 2.1917e+01
648.484 2.2458e+01
648.634 2.1994e+01
648.783 2.2088e+01
648.932 2.2151e+01
649.082 2.2935e+01
649.231 2.2493e+01
649.381 2.2250e+01
649.530 2.2271e+01
649.680 2.2123e+01
649.830 2.2348e+01
649.979 2.2581e+01
650.129 2.2429e+01
650.279 2.2641e+01
650.429 2.2149e+01
650.578 2.2573e+01
650.728 2.2655e+01
650.878 2.2519e+01
651.028 2.2586e+01
651.178 2.2508e+01
651.327 2.2572e+01
651.478 2.2050e+01
651.628 2.2459e+01
651.778 2.1820e+01
651.928 2.2252e+01
652.078 2.2247e+01
652.228 2.2253e+01
652.378 2.2281e+01
652.529 2.2157e+01
652.679 2.2274e+01
652.829 2.2331e+01
652.979 2.2217e+01
653.130 2.2445e+01
653.280 2.2301e+01
653.431 2.2300e+01
653.581 2.2379e+01
653.732 2.2406e+01
653.882 2.2406e+01
654.033 2.2173e+01
654.183 2.2144e+01
654.334 2.2832e+01
654.485 2.2745e+01
654.635 2.2585e+01
654.786 2.2412e+01
654.937 2.2494e+01
655.088 2.2212e+01
655.239 2.2279e+01
655.390 2.2425e+01
655.540 2.2604e+01
655.691 2.2639e+01
655.842 2.2192e+01
655.994 2.2397e+01
656.144 2.2438e+01
656.296 2.2392e+01
656.447 2.2388e+01
656.598 2.2305e+01
656.749 2.2280e+01
656.900 2.2455e+01
657.052 2.2543e+01
657.203 2.2391e+01
657.354 2.2397e+01
657.506 2.2368e+01
657.657 2.2093e+01
657.809 2.2489e+01
657.960 2.2565e+01
658.112 2.2175e+01
658.263 2.2230e+01
658.415 2.2452e+01
658.566 2.2580e+01
658.718 2.2721e+01
658.870 2.2686e+01
659.021 2.2475e+01
659.173 2.2260e+01
659.325 2.2608e+01
659.477 2.2420e+01
659.629 2.2355e+01
659.780 2.2499e+01
659.932 2.2719e+01
660.084 2.2603e+01
660.237 2.2112e+01
660.388 2.2149e+01
660.541 2.4098e+01
660.693 2.2371e+01
660.845 2.1899e+01
660.997 2.2876e+01
661.149 2.2587e+01
661.302 2.2695e+01
661.454 2.3096e+01
661.606 2.2861e+01
661.758 2.2556e+01
661.911 2.2506e+01
662.063 2.2690e+01
662.216 2.2512e+01
662.368 2.2164e+01
662.521 2.2241e+01
662.673 2.2686e+01
662.826 2.2466e+01
662.978 2.2296e+01
663.131 2.2502e+01
663.284 2.2595e+01
663.437 2.2340e+01
663.589 2.2326e+01
663.742 2.2430e+01
663.895 2.2066e+01
664.048 2.2021e+01
664.201 2.2195e+01
664.354 2.2562e+01
664.507 2.2156e+01
664.660 2.2097e+01
664.813 2.2271e+01
664.966 2.2167e+01
665.119 2.2173e+01
665.272 2.2035e+01
665.425 2.2579e+01
665.579 2.2447e+01
665.732 2.2367e+01
665.885 2.2484e+01
666.039 2.2188e+01
666.192 2.2149e+01
666.346 2.2176e+01
666.499 2.2176e+01
666.653 2.2389e+01
666.806 2.2206e+01
666.960 2.2250e+01
667.113 2.2055e+01
667.267 2.2330e+01
667.420 2.2252e+01
667.574 2.2291e+01
667.728 2.2191e+01
667.882 2.2124e+01
668.036 2.2407e+01
668.189 2.2519e+01
668.343 2.1980e+01
668.497 2.2135e+01
668.651 2.2314e+01
668.805 2.2331e+01
668.959 2.2260e+01
669.113 2.2160e+01
669.267 2.2374e+01
669.421 2.2385e+01
669.575 2.2339e+01
669.729 2.2498e+01
669.884 2.2587e+01
670.038 2.2799e+01
670.193 2.2216e+01
670.347 2.1902e+01
670.501 2.1607e+01
670.656 2.1030e+01
670.810 2.0638e+01
670.964 2.0488e+01
671.119 2.0416e+01
671.274 2.0390e+01
671.428 2.0500e+01
671.583 2.0839e+01
671.737 2.1717e+01
671.892 2.1928e+01
672.047 2.2761e+01
672.201 2.2407e+01
672.356 2.2504e+01
672.511 2.2217e+01
672.666 2.1971e+01
672.821 2.2074e+01
672.976 2.2154e+01
673.131 2.1926e+01
673.286 2.1840e+01
673.441 2.2122e+01
673.596 2.1893e+01
673.751 2.2204e+01
673.906 2.2128e+01
674.061 2.2283e+01
674.217 2.2515e+01
674.372 2.2171e+01
674.527 2.1869e+01
674.682 2.2030e+01
674.838 2.2402e+01
674.993 2.2264e+01
675.149 2.2513e+01
675.304 2.2621e+01
675.460 2.2136e+01
675.615 2.2407e+01
675.771 2.2072e+01
675.927 2.1946e+01
676.082 2.2028e+01
676.238 2.1938e+01
676.394 2.1939e+01
676.549 2.1984e+01
676.705 2.1914e+01
676.861 2.2111e+01
677.017 2.2057e+01
677.173 2.1881e+01
677.329 2.2114e+01
677.485 2.2120e+01
677.641 2.2310e+01
677.797 2.2325e+01
677.953 2.1900e+01
678.109 2.1905e+01
678.265 2.2254e+01
678.421 2.2217e+01
678.578 2.2322e+01
678.734 2.2053e+01
678.890 2.2161e+01
679.046 2.2418e+01
679.203 2.2127e+01
679.359 2.2051e+01
679.516 2.2169e+01
679.672 2.2104e+01
679.829 2.2097e+01
679.985 2.1990e+01
680.142 2.2217e+01
680.299 2.2084e+01
680.455 2.1740e+01
680.612 2.1695e+01
680.769 2.1707e+01
680.925 2.1769e+01
681.082 2.1778e+01
681.239 2.1735e+01
681.396 2.1720e+01
681.553 2.1781e+01
681.710 2.2047e+01
681.867 2.1976e+01
682.024 2.2224e+01
682.181 2.1939e+01
682.338 2.1838e+01
682.495 2.1971e+01
682.652 2.2008e+01
682.810 2.1937e+01
682.967 2.2025e+01
683.124 2.2325e+01
683.281 2.2513e+01
683.439 2.2376e+01
683.596 2.2181e+01
683.753 2.2154e+01
683.911 2.1920e+01
684.068 2.2223e+01
684.226 2.2002e+01
684.383 2.2196e+01
684.541 2.2072e+01
684.699 2.1814e+01
684.856 2.2161e+01
685.014 2.2188e+01
685.172 2.2175e+01
685.329 2.1793e+01
685.487 2.1784e+01
685.645 2.1917e+01
685.803 2.1834e+01
685.961 2.1628e+01
686.119 2.1683e+01
686.277 2.1703e+01
686.435 2.1721e+01
686.593 2.1957e+01
686.751 2.1861e+01
686.910 2.1636e+01
687.068 2.1791e+01
687.226 2.2092e+01
687.384 2.1864e+01
687.542 2.1930e+01
687.701 2.1804e+01
687.859 2.2025e+01
688.018 2.2056e+01
688.176 2.1837e+01
688.335 2.1908e+01
688.493 2.1883e+01
688.651 2.1689e+01
688.810 2.1623e+01
688.969 2.2152e+01
689.127 2.1812e+01
689.286 2.2101e+01
689.445 2.2015e+01
689.604 2.2131e+01
689.762 2.2216e+01
689.921 2.2295e+01
690.080 2.2573e+01
690.239 2.2329e+01
690.398 2.2217e+01
690.557 2.2008e+01
690.716 2.2264e+01
690.875 2.2317e+01
691.034 2.2206e+01
691.193 2.2308e+01
691.353 2.2418e+01
691.511 2.2085e+01
691.671 2.1713e+01
691.830 2.1704e+01
691.990 2.1918e+01
692.149 2.1876e+01
692.308 2.1897e+01
692.468 2.2005e+01
692.627 2.1844e+01
692.787 2.1936e+01
692.946 2.1917e+01
693.106 2.1763e+01
693.265 2.1580e+01
693.425 2.1764e+01
693.585 2.2004e+01
693.744 2.1721e+01
693.904 2.1694e+01
694.064 2.1845e+01
694.224 2.1793e+01
694.384 2.1754e+01
694.543 2.1985e+01
694.704 2.1660e+01
694.863 2.1599e+01
695.024 2.1493e+01
695.184 2.1617e+01
695.344 2.1838e+01
695.504 2.1723e+01
695.664 2.1664e+01
695.824 2.1614e+01
695.984 2.1781e+01
696.145 2.1653e+01
696.305 2.1761e+01
696.465 2.1758e+01
696.626 2.1699e+01
696.786 2.1616e+01
696.947 2.1786e+01
697.107 2.1833e+01
697.268 2.1610e+01
697.428 2.1660e+01
697.589 2.1903e+01
697.749 2.1831e+01
697.910 2.1648e+01
698.071 2.1682e+01
698.232 2.1805e+01
698.393 2.1967e+01
698.553 2.1618e+01
698.714 2.1790e+01
698.875 2.1888e+01
699.036 2.1776e+01
699.197 2.1796e+01
699.358 2.1676e+01
699.519 2.1883e+01
699.680 2.1855e+01
699.841 2.2485e+01
700.002 2.2140e+01
700.163 2.1904e+01
700.325 2.2027e+01
700.486 2.1945e+01
700.648 2.1942e+01
700.809 2.1834e+01
700.970 2.1825e+01
701.132 2.2113e+01
701.293 2.2017e+01
701.455 2.1828e+01
701.616 2.1702e+01
701.778 2.1493e+01
701.939 2.1939e+01
702.101 2.1754e+01
702.263 2.1598e+01
702.424 2.1605e+01
702.586 2.1693e+01
702.748 2.1737e+01
702.910 2.1789e+01
703.071 2.1823e+01
703.234 2.1657e+01
703.395 2.1674e+01
703.557 2.1794e+01
703.719 2.1698e+01
703.881 2.1563e+01
704.044 2.1760e+01
704.206 2.1590e+01
704.368 2.1437e+01
704.530 2.1610e+01
704.692 2.1647e+01
704.854 2.1679e+01
705.017 2.1847e+01
705.179 2.1557e+01
705.342 2.1653e+01
705.504 2.1559e+01
705.667 2.1604e+01
705.829 2.1926e+01
705.992 2.1954e+01
706.154 2.1919e+01
706.317 2.1626e+01
706.479 2.1609e+01
706.642 2.1491e+01
706.805 2.1569e+01
706.968 2.1931e+01
707.130 2.1591e+01
707.293 2.1689e+01
707.456 2.1707e+01
707.619 2.1748e+01
707.782 2.2060e+01
707.945 2.2086e+01
708.108 2.1857e+01
708.271 2.2118e+01
708.434 2.2283e+01
708.597 2.1920e+01
708.760 2.1769e+01
708.924 2.1938e+01
709.087 2.1810e+01
709.250 2.1556e+01
709.414 2.1819e+01
709.577 2.1704e+01
709.740 2.1606e+01
709.904 2.1698e+01
710.067 2.1659e+01
710.231 2.1557e+01
710.395 2.1614e+01
710.558 2.1618e+01
710.721 2.1551e+01
710.885 2.1570e+01
711.049 2.1625e+01
711.213 2.1765e+01
711.376 2.1704e+01
711.540 2.1592e+01
711.704 2.1708e+01
711.868 2.1644e+01
712.032 2.1793e+01
712.196 2.1623e+01
712.360 2.1462e+01
712.524 2.1796e+01
712.688 2.1919e+01
712.852 2.1697e+01
713.016 2.1802e+01
713.181 2.1735e+01
713.345 2.1700e+01
713.509 2.1835e+01
713.673 2.2192e+01
713.838 2.1951e+01
714.002 2.2103e+01
714.166 2.2165e+01
714.331 2.2234e+01
714.495 2.2011e+01
714.660 2.1881e+01
714.824 2.1840e+01
714.989 2.1874e+01
715.154 2.2085e+01
715.318 2.2064e+01
715.483 2.2297e+01
715.648 2.2099e+01
715.813 2.1988e+01
715.978 2.1666e+01
716.143 2.1657e+01
716.307 2.1959e+01
716.472 2.1821e+01
716.638 2.1787e+01
716.802 2.1753e+01
716.968 2.1620e+01
717.133 2.1702e+01
717.298 2.1836e+01
717.463 2.1835e+01
717.628 2.1707e+01
717.793 2.1527e+01
717.959 2.1585e+01
718.124 2.1474e+01
718.289 2.1555e+01
718.455 2.1567e+01
718.620 2.1538e+01
718.786 2.1416e+01
718.951 2.1474e+01
719.117 2.1706e+01
719.283 2.1637e+01
719.448 2.1513e+01
719.614 2.1553e+01
719.780 2.1686e+01
719.945 2.1683e+01
720.111 2.1516e+01
720.277 2.1655e+01
720.443 2.1627e+01
720.609 2.1572e+01
720.775 2.1487e+01
720.941 2.1602e+01
721.107 2.1658e+01
721.273 2.1609e+01
721.439 2.1621e+01
721.605 2.1410e+01
721.771 2.1560e+01
721.938 2.1765e+01
722.103 2.1500e+01
722.270 2.1565e+01
722.436 2.1553e+01
722.602 2.1588e+01
722.769 2.1659e+01
722.935 2.1576e+01
723.102 2.1607e+01
723.268 2.1456e+01
723.435 2.1249e+01
723.602 2.1368e+01
723.768 2.1618e+01
723.935 2.1694e+01
724.102 2.1509e+01
724.268 2.1544e+01
724.435 2.1637e+01
724.602 2.1458e+01
724.769 2.1490e+01
724.935 2.1572e+01
725.103 2.1612e+01
725.270 2.1532e+01
725.437 2.1416e+01
725.604 2.1478e+01
725.771 2.1566e+01
725.938 2.1511e+01
726.105 2.1777e+01
726.272 2.1554e+01
726.439 2.1594e+01
726.607 2.1556e+01
726.774 2.1446e+01
726.942 2.1466e+01
727.109 2.1531e+01
727.276 2.1604e+01
727.444 2.1666e+01
727.611 2.1603e+01
727.779 2.1501e+01
727.946 2.1481e+01
728.114 2.1582e+01
728.282 2.1642e+01
728.449 2.1428e+01
728.617 2.1670e+01
728.785 2.1632e+01
728.953 2.1498e+01
729.121 2.1553e+01
729.289 2.1493e+01
729.457 2.1488e+01
729.624 2.1608e+01
729.793 2.1407e+01
729.961 2.1301e+01
730.129 2.1575e+01
730.297 2.1804e+01
730.465 2.1723e+01
730.633 2.1531e+01
730.802 2.1455e+01
730.970 2.1584e+01
731.138 2.1734e+01
731.307 2.1600e+01
731.475 2.1698e+01
731.644 2.1591e+01
731.812 2.1528e+01
731.981 2.1581e+01
732.149 2.1489e+01
732.318 2.1476e+01
732.486 2.1622e+01
732.655 2.1627e+01
732.824 2.1549e+01
732.992 2.1545e+01
733.161 2.1588e+01
733.330 2.1593e+01
733.499 2.1749e+01
733.668 2.1430e+01
733.837 2.1507e+01
734.006 2.1672e+01
734.175 2.1531e+01
734.344 2.1529e+01
734.513 2.1626e+01
734.682 2.1548e+01
734.851 2.1599e+01
735.020 2.1769e+01
735.190 2.1594e+01
735.359 2.1623e+01
735.529 2.1775e+01
735.698 2.1668e+01
735.867 2.1660e+01
736.037 2.1761e+01
736.206 2.1633e+01
736.376 2.1609e+01
736.545 2.1540e+01
736.715 2.1608e+01
736.885 2.1653e+01
737.054 2.1655e+01
737.224 2.1733e+01
737.394 2.1742e+01
737.564 2.1698e+01
737.733 2.1868e+01
737.904 2.2053e+01
738.073 2.2040e+01
738.243 2.1670e+01
738.413 2.1621e+01
738.583 2.1420e+01
738.753 2.1596e+01
738.923 2.1738e+01
739.094 2.1888e+01
739.264 2.1917e+01
739.434 2.1875e+01
739.604 2.1775e+01
739.775 2.1772e+01
739.945 2.1879e+01
740.115 2.1723e+01
740.286 2.1637e+01
740.456 2.1710e+01
740.627 2.1761e+01
740.798 2.1498e+01
740.968 2.1677e+01
741.139 2.1585e+01
741.309 2.1535e+01
741.480 2.1769e+01
741.651 2.1742e+01
741.821 2.1610e+01
741.992 2.1610e+01
742.163 2.1611e+01
742.334 2.1438e+01
742.505 2.1416e+01
742.676 2.1687e+01
742.847 2.1369e+01
743.018 2.1700e+01
743.189 2.1606e+01
743.360 2.1386e+01
743.532 2.1831e+01
743.703 2.1448e+01
743.874 2.1394e+01
744.045 2.1515e+01
744.217 2.1629e+01
744.388 2.1568e+01
744.560 2.1465e+01
744.731 2.1410e+01
744.902 2.1410e+01
745.074 2.1534e+01
745.246 2.1591e+01
745.417 2.1500e+01
745.589 2.1654e+01
745.760 2.1552e+01
745.932 2.1687e+01
746.104 2.1696e+01
746.276 2.1544e+01
746.448 2.1579e+01
746.620 2.1489e+01
746.792 2.1462e+01
746.964 2.1446e+01
747.136 2.1464e+01
747.308 2.1531e+01
747.480 2.1540e+01
747.652 2.1468e+01
747.824 2.1426e+01
747.996 2.1561e+01
748.168 2.1665e+01
748.341 2.1467e+01
748.513 2.1691e+01
748.686 2.1610e+01
748.858 2.1471e+01
749.031 2.1479e+01
749.203 2.1567e+01
749.375 2.1673e+01
749.548 2.1552e+01
749.721 2.1431e+01
749.893 2.1478e+01
750.066 2.1629e+01
750.239 2.1507e+01
750.412 2.1249e+01
750.584 2.1398e+01
750.757 2.1524e+01
750.930 2.1446e+01
751.103 2.1672e+01
751.276 2.1615e+01
751.449 2.1588e+01
751.622 2.1340e+01
751.795 2.1430e+01
751.968 2.1503e+01
752.141 2.1530e+01
752.315 2.1470e+01
752.488 2.1399e+01
752.661 2.1587e+01
752.834 2.1581e+01
753.008 2.1347e+01
753.181 2.1485e+01
753.355 2.1402e+01
753.528 2.1400e+01
753.702 2.1403e+01
753.875 2.1539e+01
754.049 2.1432e+01
754.222 2.1567e+01
754.396 2.1502e+01
754.570 2.1575e+01
754.744 2.1392e+01
754.917 2.1516e+01
755.092 2.1512e+01
755.265 2.1502e+01
755.439 2.1592e+01
755.613 2.1525e+01
755.787 2.1464e+01
755.961 2.1556e+01
756.135 2.1609e+01
756.310 2.1502e+01
756.483 2.1406e+01
756.658 2.1543e+01
756.832 2.1543e+01
757.006 2.1455e+01
757.181 2.1575e+01
757.355 2.1313e+01
757.530 2.1514e+01
757.704 2.1616e+01
757.879 2.1422e+01
758.053 2.1308e+01
758.227 2.1374e+01
758.402 2.1531e+01
758.577 2.1615e+01
758.752 2.1659e+01
758.926 2.1655e+01
759.101 2.1444e+01
759.276 2.1548e+01
759.450 2.1397e+01
759.625 2.1371e+01
759.800 2.1350e+01
759.975 2.1480e+01
760.150 2.1510e+01
760.326 2.1533e+01
760.501 2.1557e+01
760.675 2.1430e+01
760.851 2.1635e+01
761.026 2.1617e+01
761.201 2.1390e+01
761.377 2.1309e+01
761.552 2.1298e+01
761.727 2.1420e+01
761.902 2.1633e+01
762.078 2.1512e+01
762.253 2.1358e+01
762.429 2.1522e+01
762.605 2.1509e+01
762.780 2.1435e+01
762.956 2.1493e+01
763.132 2.1706e+01
763.308 2.1401e+01
763.483 2.1496e+01
763.659 2.1422e+01
763.835 2.1419e+01
764.011 2.1415e+01
764.187 2.1505e+01
764.362 2.1526e+01
764.539 2.1375e+01
764.715 2.1435e+01
764.891 2.1646e+01
765.067 2.1580e+01
765.243 2.1520e+01
765.419 2.1481e+01
765.596 2.1488e+01
765.772 2.1548e+01
765.948 2.1481e+01
766.125 2.1452e+01
766.301 2.1492e+01
766.478 2.1579e+01
766.654 2.1580e+01
766.830 2.1386e+01
767.007 2.1577e+01
767.184 2.1582e+01
767.361 2.1491e+01
767.537 2.1464e+01
767.714 2.1550e+01
767.891 2.1596e+01
768.067 2.1365e+01
768.245 2.1408e+01
768.421 2.1591e+01
768.599 2.1456e+01
768.775 2.1388e+01
768.953 2.1448e+01
769.130 2.1646e+01
769.306 2.1638e+01
769.484 2.1651e+01
769.661 2.1547e+01
769.838 2.1525e+01
770.015 2.1470e+01
770.193 2.1415e+01
770.370 2.1346e+01
770.548 2.1382e+01
770.725 2.1435e+01
770.902 2.1510e+01
771.080 2.1541e+01
771.258 2.1502e+01
771.435 2.1568e+01
771.613 2.1445e+01
771.791 2.1336e+01
771.968 2.1632e+01
772.146 2.1670e+01
772.324 2.1519e+01
772.502 2.1690e+01
772.680 2.1374e+01
772.858 2.1428e+01
773.036 2.1376e+01
773.214 2.1406e+01
773.391 2.1549e+01
773.570 2.1545e+01
773.748 2.1665e+01
773.926 2.1588e+01
774.104 2.1553e+01
774.283 2.1596e+01
774.461 2.1513e+01
774.639 2.1430e+01
774.818 2.1482e+01
774.996 2.1608e+01
775.175 2.1439e+01
775.353 2.1520e+01
775.532 2.1790e+01
775.710 2.1673e+01
775.889 2.1604e+01
776.068 2.1478e+01
776.246 2.1520e+01
776.425 2.1645e+01
776.604 2.1627e+01
776.783 2.1469e+01
776.961 2.1531e+01
777.140 2.1448e+01
777.319 2.1462e+01
777.498 2.1418e+01
777.678 2.1581e+01
777.856 2.1573e+01
778.036 2.1457e+01
778.215 2.1539e+01
778.394 2.1484e+01
778.573 2.1627e+01
778.752 2.1593e+01
778.932 2.1557e+01
779.111 2.1553e+01
779.291 2.1542e+01
779.470 2.1514e+01
779.649 2.1613e+01
779.829 2.1780e+01
780.009 2.1850e+01
780.188 2.1668e+01
780.368 2.1597e+01
780.548 2.1742e+01
780.728 2.1894e+01
780.907 2.2006e+01
781.087 2.1752e+01
781.267 2.1255e+01
781.447 2.1051e+01
781.627 2.1132e+01
781.807 2.1399e+01
781.987 2.1745e+01
782.167 2.1802e+01
782.347 2.1706e+01
782.527 2.1680e+01
782.708 2.1696e+01
782.888 2.1683e+01
783.068 2.1749e+01
783.248 2.1438e+01
783.429 2.1549e+01
783.609 2.1797e+01
783.789 2.1657e+01
783.970 2.1353e+01
784.151 2.1505e+01
784.331 2.1447e+01
784.512 2.1548e+01
784.693 2.1530e+01
784.873 2.1473e+01
785.054 2.1392e+01
785.235 2.1364e+01
785.415 2.1580e+01
785.597 2.1536e+01
785.777 2.1285e+01
785.958 2.1414e+01
786.139 2.1548e+01
786.320 2.1505e+01
786.501 2.1480e+01
786.682 2.1540e+01
786.864 2.1405e+01
787.045 2.1216e+01
787.226 2.1441e+01
787.407 2.1454e+01
787.589 2.1324e+01
787.770 2.1411e+01
787.951 2.1460e+01
788.133 2.1374e+01
788.314 2.1682e+01
788.496 2.1517e+01
788.678 2.1422e+01
788.859 2.1482e+01
789.041 2.1494e+01
789.222 2.1455e+01
789.405 2.1615e+01
789.586 2.1535e+01
789.768 2.1435e+01
789.950 2.1497e+01
790.132 2.1327e+01
790.314 2.1365e+01
790.496 2.1494e+01
790.678 2.1385e+01
790.860 2.1485e+01
791.042 2.1312e+01
791.224 2.1323e+01
791.406 2.1413e+01
791.589 2.1437e+01
791.771 2.1361e+01
791.953 2.1366e+01
792.135 2.1419e+01
792.318 2.1341e+01
792.500 2.1458e+01
792.683 2.1569e+01
792.866 2.1540e+01
793.048 2.1397e+01
793.231 2.1307e+01
793.413 2.1308e+01
793.596 2.1367e+01
793.779 2.1444e+01
793.961 2.1430e+01
794.144 2.1323e+01
794.327 2.1328e+01
794.510 2.1412e+01
794.693 2.1387e+01
794.876 2.1378e+01
795.059 2.1441e+01
795.242 2.1509e+01
795.426 2.1429e+01
795.609 2.1172e+01
795.792 2.1448e+01
795.975 2.1555e+01
796.159 2.1324e+01
796.342 2.1543e+01
796.525 2.1366e+01
796.709 2.1377e+01
796.892 2.1480e+01
797.076 2.1289e+01
797.259 2.1327e+01
797.443 2.1482e+01
797.626 2.1439e+01
797.810 2.1544e+01
797.994 2.1335e+01
798.177 2.1304e+01
798.361 2.1504e+01
798.545 2.1626e+01
798.729 2.1521e+01
798.913 2.1429e+01
799.097 2.1338e+01
799.281 2.1314e+01
799.465 2.1442e+01
799.649 2.1397e+01
799.833 2.1456e+01
800.018 2.1531e+01
800.202 2.1454e+01
800.386 2.1441e+01
800.570 2.1206e+01
800.755 2.1464e+01
800.939 2.1237e+01
801.123 2.1318e+01
801.308 2.1402e+01
801.493 2.1329e+01
801.677 2.1268e+01
801.862 2.1566e+01
802.046 2.1407e+01
802.231 2.1539e+01
802.416 2.1376e+01
802.601 2.1457e+01
802.785 2.1541e+01
802.970 2.1407e+01
803.155 2.1485e+01
803.340 2.1394e+01
803.525 2.1432e+01
803.710 2.1493e+01
803.896 2.1357e+01
804.080 2.1430e+01
804.266 2.1553e+01
804.451 2.1478e+01
804.636 2.1519e+01
804.821 2.1494e+01
805.007 2.1321e+01
805.192 2.1357e+01
805.377 2.1404e+01
805.563 2.1317e+01
805.748 2.1305e+01
805.934 2.1353e+01
806.120 2.1396e+01
806.305 2.1280e+01
806.491 2.1455e+01
806.677 2.1452e+01
806.863 2.1383e+01
807.048 2.1360e+01
807.234 2.1526e+01
807.420 2.1421e+01
807.606 2.1168e+01
807.792 2.1282e+01
807.978 2.1292e+01
808.164 2.1374e+01
808.350 2.1515e+01
808.536 2.1356e+01
808.722 2.1398e+01
808.909 2.1353e+01
809.095 2.1322e+01
809.281 2.1486e+01
809.468 2.1402e+01
809.654 2.1237e+01
809.840 2.1260e+01
810.027 2.1309e+01
810.213 2.1336e+01
810.400 2.1268e+01
810.587 2.1239e+01
810.774 2.1391e+01
810.960 2.1309e+01
811.147 2.1299e+01
811.334 2.1400e+01
811.520 2.1327e+01
811.707 2.1257e+01
811.894 2.1218e+01
812.081 2.1208e+01
812.268 2.1362e+01
812.455 2.1217e+01
812.643 2.1423e+01
812.829 2.1331e+01
813.017 2.1317e+01
813.204 2.1350e+01
813.391 2.1365e+01
813.579 2.1369e+01
813.766 2.1370e+01
813.953 2.1341e+01
814.141 2.1418e+01
814.328 2.1303e+01
814.516 2.1464e+01
814.703 2.1395e+01
814.891 2.1346e+01
815.079 2.1418e+01
815.266 2.1460e+01
815.454 2.1377e+01
815.642 2.1448e+01
815.830 2.1373e+01
816.018 2.1275e+01
816.205 2.1355e+01
816.394 2.1454e+01
816.581 2.1342e+01
816.769 2.1283e+01
816.958 2.1316e+01
817.146 2.1228e+01
817.334 2.1377e+01
817.522 2.1347e+01
817.711 2.1452e+01
817.899 2.1405e+01
818.087 2.1363e+01
818.276 2.1403e+01
818.464 2.1272e+01
818.652 2.1248e+01
818.841 2.1415e+01
819.030 2.1452e+01
819.218 2.1321e+01
819.406 2.1377e+01
819.595 2.1323e+01
819.784 2.1371e+01
819.973 2.1432e+01
820.162 2.1478e+01
820.351 2.1271e+01
820.539 2.1281e+01
820.728 2.1354e+01
820.918 2.1402e+01
821.106 2.1344e+01
821.296 2.1272e+01
821.485 2.1302e+01
821.674 2.1333e+01
821.863 2.1323e+01
822.052 2.1299e+01
822.242 2.1269e+01
822.431 2.1274e+01
822.621 2.1323e+01
822.810 2.1285e+01
823.000 2.1449e+01
823.189 2.1467e+01
823.378 2.1284e+01
823.568 2.1222e+01
823.758 2.1229e+01
823.948 2.1318e+01
824.137 2.1311e+01
824.327 2.1300e+01
824.517 2.1428e+01
824.706 2.1444e+01
824.897 2.1432e+01
825.086 2.1397e+01
825.277 2.1442e+01
825.466 2.1238e+01
825.657 2.1285e+01
825.847 2.1455e+01
826.037 2.1387e+01
826.227 2.1334e+01
826.417 2.1277e+01
826.608 2.1443e+01
826.798 2.1391e+01
826.989 2.1440e+01
827.179 2.1337e+01
827.369 2.1297e+01
827.560 2.1330e+01
827.750 2.1305e+01
827.941 2.1302e+01
828.132 2.1375e+01
828.323 2.1429e+01
828.513 2.1348e+01
828.704 2.1305e+01
828.895 2.1360e+01
829.086 2.1278e+01
829.277 2.1427e+01
829.468 2.1262e+01
829.659 2.1260e+01
829.850 2.1249e+01
830.041 2.1318e+01
830.232 2.1283e+01
830.423 2.1363e+01
830.615 2.1353e+01
830.806 2.1546e+01
830.997 2.1245e+01
831.188 2.1234e+01
831.380 2.1380e+01
831.571 2.1409e+01
831.763 2.1395e+01
831.954 2.1326e+01
832.146 2.1554e+01
832.338 2.1334e+01
832.529 2.1214e+01
832.721 2.1320e+01
832.913 2.1309e+01
833.104 2.1266e+01
833.296 2.1254e+01
833.488 2.1317e+01
833.680 2.1320e+01
833.872 2.1364e+01
834.064 2.1312e+01
834.256 2.1278e+01
834.448 2.1263e+01
834.641 2.1273e+01
834.833 2.1320e+01
835.025 2.1228e+01
835.217 2.1284e+01
835.410 2.1288e+01
835.602 2.1386e+01
835.794 2.1323e+01
835.987 2.1337e+01
836.179 2.1343e+01
836.372 2.1260e+01
836.565 2.1308e+01
836.757 2.1416e+01
836.950 2.1381e+01
837.142 2.1501e+01
837.336 2.1315e+01
837.528 2.1332e+01
837.721 2.1266e+01
837.914 2.1414e+01
838.107 2.1368e+01
838.300 2.1375e+01
838.493 2.1358e+01
838.686 2.1413e+01
838.879 2.1314e+01
839.073 2.1275e+01
839.266 2.1310e+01
839.459 2.1247e+01
839.652 2.1328e+01
839.845 2.1388e+01
840.039 2.1312e+01
840.232 2.1374e+01
840.426 2.1331e+01
840.620 2.1366e+01
840.813 2.1386e+01
841.007 2.1414e+01
841.200 2.1307e+01
841.394 2.1276e+01
841.588 2.1385e+01
841.782 2.1233e+01
841.975 2.1336e+01
842.170 2.1445e+01
842.363 2.1365e+01
842.557 2.1322e+01
842.751 2.1268e+01
842.945 2.1245e+01
843.140 2.1211e+01
843.334 2.1278e+01
843.528 2.1394e+01
843.722 2.1370e+01
843.917 2.1314e+01
844.111 2.1309e+01
844.305 2.1394e+01
844.500 2.1399e+01
844.694 2.1287e+01
844.889 2.1274e+01
845.083 2.1200e+01
845.278 2.1364e+01
845.473 2.1325e+01
845.667 2.1368e+01
845.862 2.1226e+01
846.057 2.1357e+01
846.252 2.1231e+01
846.446 2.1246e+01
846.642 2.1250e+01
846.836 2.1272e+01
847.031 2.1472e+01
847.227 2.1429e+01
847.421 2.1266e+01
847.617 2.1261e+01
847.812 2.1353e+01
848.007 2.1400e+01
848.202 2.1354e+01
848.398 2.1304e+01
848.593 2.1306e+01
848.788 2.1272e+01
848.984 2.1366e+01
849.179 2.1240e+01
849.375 2.1347e+01
849.571 2.1322e+01
849.766 2.1254e+01
849.962 2.1312e+01
850.158 2.1276e+01
850.354 2.1278e+01
850.549 2.1427e+01
850.745 2.1281e+01
850.941 2.1267e+01
851.137 2.1326e+01
851.333 2.1419e+01
851.529 2.1266e+01
851.725 2.1343e+01
851.921 2.1403e+01
852.118 2.1374e+01
852.314 2.1368e+01
852.510 2.1348e+01
852.706 2.1377e+01
852.903 2.1285e+01
853.099 2.1335e+01
853.296 2.1403e+01
853.492 2.1429e+01
853.689 2.1275e+01
853.885 2.1245e+01
854.082 2.1287e+01
854.278 2.1321e+01
854.475 2.1216e+01
854.672 2.1194e+01
854.869 2.1288e+01
855.066 2.1429e+01
855.262 2.1305e+01
855.460 2.1298e+01
855.656 2.1310e+01
855.854 2.1267e+01
856.051 2.1353e+01
856.248 2.1433e+01
856.445 2.1517e+01
856.642 2.1279e+01
856.840 2.1141e+01
857.037 2.1252e+01
857.234 2.1418e+01
857.431 2.1372e+01
857.629 2.1213e+01
857.827 2.1271e+01
858.024 2.1257e+01
858.222 2.1337e+01
858.419 2.1276e+01
858.617 2.1209e+01
858.815 2.1337e+01
859.013 2.1442e+01
859.210 2.1342e+01
859.408 2.1352e+01
859.606 2.1315e+01
859.804 2.1289e+01
860.002 2.1304e+01
860.200 2.1319e+01
860.398 2.1295e+01
860.596 2.1281e+01
860.795 2.1256e+01
860.993 2.1338e+01
861.191 2.1404e+01
861.389 2.1338e+01
861.588 2.1399e+01
861.786 2.1423e+01
861.985 2.1316e+01
862.183 2.1392e+01
862.382 2.1298e+01
862.580 2.1341e+01
862.779 2.1269e+01
862.977 2.1250e+01
863.176 2.1262e+01
863.375 2.1295e+01
863.574 2.1222e+01
863.773 2.1230e+01
863.971 2.1387e+01
864.171 2.1325e+01
864.370 2.1460e+01
864.569 2.1404e+01
864.768 2.1276e+01
864.967 2.1201e+01
865.166 2.1232e+01
865.365 2.1319e+01
865.565 2.1280e+01
865.764 2.1266e+01
865.963 2.1417e+01
866.163 2.1402e+01
866.362 2.1258e+01
866.562 2.1160e+01
866.761 2.1291e+01
866.961 2.1424e+01
867.160 2.1230e+01
867.360 2.1224e+01
867.560 2.1200e+01
867.760 2.1365e+01
867.960 2.1303e+01
868.159 2.1309e+01
868.359 2.1374e+01
868.559 2.1307e+01
868.759 2.1317e+01
868.959 2.1262e+01
869.160 2.1368e+01
869.360 2.1375e+01
869.560 2.1226e+01
869.760 2.1366e+01
869.960 2.1469e+01
870.161 2.1399e+01
870.361 2.1311e+01
870.562 2.1252e+01
870.762 2.1333e+01
870.962 2.1235e+01
871.163 2.1383e+01
871.364 2.1285e+01
871.565 2.1386e+01
871.765 2.1295e+01
871.966 2.1418e+01
872.167 2.1267e+01
872.367 2.1338e+01
872.569 2.1256e+01
872.769 2.1280e+01
872.970 2.1461e+01
873.171 2.1409e+01
873.373 2.1599e+01
873.574 2.1385e+01
873.775 2.1566e+01
873.976 2.1505e+01
874.177 2.1570e+01
874.379 2.1526e+01
874.580 2.1374e+01
874.781 2.1242e+01
874.983 2.0558e+01
875.185 2.0198e+01
875.386 2.0326e+01
875.587 2.0723e+01
875.789 2.1207e+01
875.991 2.1336e+01
876.193 2.1448e+01
876.394 2.1346e+01
876.596 2.1521e+01
876.798 2.1379e+01
877.000 2.1552e+01
877.202 2.1283e+01
877.404 2.1379e+01
877.606 2.1395e+01
877.808 2.1307e+01
878.010 2.1458e+01
878.212 2.1387e+01
878.414 2.1416e+01
878.617 2.1283e+01
878.819 2.1306e+01
879.022 2.1381e+01
879.224 2.1206e+01
879.427 2.1354e+01
879.629 2.1566e+01
879.831 2.1468e+01
880.034 2.1320e+01
880.237 2.1390e+01
880.440 2.1316e+01
880.642 2.1329e+01
880.845 2.1311e+01
881.048 2.1312e+01
881.251 2.1263e+01
881.454 2.1391e+01
881.656 2.1290e+01
881.860 2.1166e+01
882.063 2.1401e+01
882.266 2.1406e+01
882.469 2.1252e+01
882.672 2.1305e+01
882.876 2.1296e+01
883.079 2.1257e+01
883.282 2.1229e+01
883.485 2.1187e+01
883.689 2.1357e+01
883.893 2.1082e+01
884.096 2.1319e+01
884.300 2.1271e+01
884.503 2.1195e+01
884.707 2.1220e+01
884.911 2.1164e+01
885.115 2.1333e+01
885.318 2.1225e+01
885.522 2.1426e+01
885.726 2.1447e+01
885.930 2.1290e+01
886.134 2.1216e+01
886.338 2.1295e+01
886.543 2.1388e+01
886.747 2.1253e+01
886.951 2.1179e+01
887.155 2.1216e+01
887.359 2.1208e+01
887.564 2.1321e+01
887.768 2.1372e+01
887.973 2.1326e+01
888.177 2.1367e+01
888.381 2.1245e+01
888.586 2.1410e+01
888.791 2.1173e+01
888.995 2.1387e+01
889.200 2.1351e+01
889.405 2.1260e+01
889.610 2.1311e+01
889.815 2.1200e+01
890.020 2.1201e+01
890.224 2.1242e+01
890.430 2.1288e+01
890.634 2.1238e+01
890.840 2.1242e+01
891.045 2.1174e+01
891.250 2.1185e+01
891.455 2.1250e+01
891.660 2.1248e+01
891.866 2.1256e+01
892.071 2.1233e+01
892.277 2.1347e+01
892.482 2.1051e+01
892.688 2.0968e+01
892.893 2.0861e+01
893.099 2.0908e+01
893.305 2.1134e+01
893.510 2.1141e+01
893.716 2.1341e+01
893.922 2.1354e+01
894.128 2.1294e+01
894.333 2.1333e+01
894.539 2.1322e+01
894.746 2.1290e+01
894.951 2.1257e+01
895.158 2.1308e+01
895.364 2.1319e+01
895.570 2.1239e+01
895.776 2.1268e+01
895.982 2.1118e+01
896.189 2.1101e+01
896.395 2.1188e+01
896.602 2.1198e+01
896.808 2.1283e+01
897.015 2.1244e+01
897.221 2.1406e+01
897.428 2.1407e+01
897.634 2.1297e+01
897.841 2.1396e+01
898.048 2.1383e+01
898.255 2.1251e+01
898.462 2.1275e+01
898.668 2.1252e+01
898.875 2.1307e+01
899.083 2.1307e+01
899.289 2.1301e+01
899.497 2.1278e+01
899.704 2.1142e+01
899.911 2.1282e+01
900.118 2.1245e+01
900.325 2.1353e+01
900.533 2.1366e+01
900.740 2.1196e+01
900.948 2.1150e+01
901.155 2.0795e+01
901.363 2.0381e+01
901.570 2.0439e+01
901.778 2.0653e+01
901.985 2.0917e+01
902.193 2.1208e+01
902.401 2.1151e+01
902.609 2.1297e+01
902.817 2.1198e+01
903.024 2.1377e+01
903.232 2.1285e+01
903.440 2.1308e+01
903.648 2.1347e+01
903.857 2.1370e+01
904.065 2.1164e+01
904.273 2.1218e+01
904.481 2.1323e+01
904.689 2.1207e+01
904.898 2.1221e+01
905.106 2.1377e+01
905.315 2.1203e+01
905.523 2.1214e+01
905.732 2.1268e+01
905.940 2.1220e+01
906.149 2.1141e+01
906.357 2.1305e+01
906.566 2.1189e+01
906.775 2.1271e+01
906.984 2.1115e+01
907.193 2.1350e+01
907.402 2.1287e+01
907.611 2.1374e+01
907.820 2.1438e+01
908.028 2.1158e+01
908.238 2.1161e+01
908.447 2.1102e+01
908.656 2.1295e+01
908.865 2.1116e+01
909.075 2.1201e+01
909.284 2.1197e+01
909.493 2.1320e+01
909.703 2.1374e+01
909.912 2.1138e+01
910.122 2.1346e+01
910.331 2.1136e+01
910.541 2.1167e+01
910.751 2.1159e+01
910.960 2.1081e+01
911.170 2.1148e+01
911.380 2.1203e+01
911.590 2.1322e+01
911.800 2.1227e+01
912.010 2.1271e+01
912.220 2.1242e+01
912.430 2.1118e+01
912.640 2.1310e+01
912.850 2.1316e+01
913.061 2.1161e+01
913.271 2.1318e+01
913.481 2.1327e+01
913.691 2.1115e+01
913.901 2.1203e+01
914.112 2.1266e+01
914.323 2.1261e+01
914.533 2.1371e+01
914.744 2.1239e+01
914.955 2.1296e+01
915.165 2.1173e+01
915.376 2.1340e+01
915.587 2.1212e+01
915.797 2.1109e+01
916.009 2.1149e+01
916.219 2.1202e+01
916.431 2.1244e+01
916.641 2.1228e+01
916.852 2.1188e+01
917.064 2.1202e+01
917.275 2.1265e+01
917.486 2.1289e+01
917.697 2.1443e+01
917.909 2.1372e+01
918.120 2.1306e+01
918.331 2.1129e+01
918.543 2.1206e+01
918.754 2.1212e+01
918.966 2.1131e+01
919.178 2.1233e+01
919.390 2.1205e+01
919.601 2.1351e+01
919.813 2.1208e+01
920.025 2.1210e+01
920.236 2.1330e+01
920.449 2.1272e+01
920.660 2.1130e+01
920.873 2.1263e+01
921.085 2.1111e+01
921.296 2.1122e+01
921.509 2.1394e+01
921.721 2.1003e+01
921.933 2.1196e+01
922.146 2.1277e+01
922.358 2.1270e+01
922.570 2.0946e+01
922.783 2.1861e+01
922.995 2.1379e+01
923.208 2.1000e+01
923.421 2.0545e+01
923.633 2.0927e+01
923.846 2.1071e+01
924.059 2.1187e+01
924.272 2.1197e+01
924.484 2.1119e+01
924.697 2.1209e+01
924.910 2.1211e+01
925.123 2.1110e+01
925.336 2.1215e+01
925.549 2.1370e+01
925.763 2.1380e+01
925.976 2.1236e+01
926.189 2.1302e+01
926.402 2.1121e+01
926.615 2.1231e+01
926.829 2.1179e+01
927.042 2.1265e+01
927.256 2.1345e+01
927.469 2.1283e+01
927.683 2.1125e+01
927.896 2.1167e+01
928.110 2.1297e+01
928.324 2.1209e+01
928.538 2.1348e+01
928.752 2.1198e+01
928.965 2.1208e+01
929.179 2.1298e+01
929.393 2.1189e+01
929.607 2.1233e+01
929.821 2.1306e+01
930.035 2.1306e+01
930.250 2.1469e+01
930.464 2.1403e+01
930.678 2.1361e+01
930.893 2.1304e+01
931.107 2.1236e+01
931.321 2.1299e+01
931.536 2.1463e+01
931.750 2.1126e+01
931.965 2.1203e+01
932.179 2.1187e+01
932.394 2.1170e+01
932.609 2.1132e+01
932.824 2.1219e+01
933.038 2.1176e+01
933.253 2.1296e+01
933.468 2.1271e+01
933.683 2.1375e+01
933.898 2.1297e+01
934.113 2.1174e+01
934.328 2.1297e+01
934.543 2.1197e+01
934.759 2.1279e+01
934.974 2.1343e+01
935.189 2.1152e+01
935.405 2.1323e+01
935.620 2.1102e+01
935.836 2.1223e+01
936.051 2.1091e+01
936.267 2.1207e+01
936.482 2.1206e+01
936.698 2.1317e+01
936.914 2.1195e+01
937.129 2.1200e+01
937.345 2.1293e+01
937.561 2.1286e+01
937.777 2.1094e+01
937.993 2.1318e+01
938.209 2.1368e+01
938.425 2.1217e+01
938.641 2.1260e+01
938.857 2.1213e+01
939.073 2.1228e+01
939.290 2.1229e+01
939.506 2.1136e+01
939.722 2.1183e+01
939.939 2.1075e+01
940.155 2.1104e+01
940.372 2.1133e+01
940.588 2.1162e+01
940.805 2.1182e+01
941.021 2.1312e+01
941.238 2.1243e+01
941.455 2.1309e+01
941.671 2.1210e+01
941.889 2.1299e+01
942.105 2.1142e+01
942.323 2.1279e+01
942.539 2.1104e+01
942.757 2.1378e+01
942.974 2.1157e+01
943.190 2.1178e+01
943.408 2.1159e+01
943.625 2.1248e+01
943.843 2.1210e+01
944.060 2.1126e+01
944.277 2.1070e+01
944.495 2.1177e+01
944.712 2.1215e+01
944.930 2.1136e+01
945.147 2.1213e+01
945.365 2.1275e+01
945.583 2.1138e+01
945.801 2.1127e+01
946.018 2.1258e+01
946.236 2.1147e+01
946.454 2.1186e+01
946.672 2.1366e+01
946.890 2.1366e+01
947.108 2.1335e+01
947.326 2.1163e+01
947.544 2.1260e+01
947.762 2.1205e+01
947.981 2.1369e+01
948.199 2.1065e+01
948.417 2.1261e+01
948.636 2.1151e+01
948.854 2.1273e+01
949.073 2.1184e+01
949.291 2.1116e+01
949.510 2.1217e+01
949.728 2.1029e+01
949.947 2.1060e+01
950.166 2.1139e+01
950.385 2.1143e+01
950.604 2.1154e+01
950.822 2.1202e+01
951.042 2.1358e+01
951.260 2.1100e+01
951.480 2.1205e+01
951.699 2.1122e+01
951.918 2.1118e+01
952.137 2.1075e+01
952.356 2.1238e+01
952.576 2.0961e+01
952.795 2.0969e+01
953.015 2.1271e+01
953.234 2.0932e+01
953.454 2.1162e+01
953.673 2.1204e+01
953.892 2.1127e+01
954.112 2.1191e+01
954.332 2.1245e+01
954.552 2.1247e+01
954.772 2.1136e+01
954.992 2.1074e+01
955.211 2.1123e+01
955.431 2.1145e+01
955.651 2.1132e+01
955.871 2.1117e+01
956.092 2.1152e+01
956.312 2.1155e+01
956.532 2.1025e+01
956.752 2.1175e+01
956.973 2.1116e+01
957.193 2.1096e+01
957.413 2.1190e+01
957.634 2.1186e+01
957.854 2.1118e+01
958.075 2.1106e+01
958.296 2.1102e+01
958.517 2.1231e+01
958.737 2.1196e+01
958.958 2.1065e+01
959.179 2.1315e+01
959.399 2.1439e+01
959.621 2.1199e+01
959.841 2.1279e+01
960.063 2.1383e+01
960.284 2.1224e+01
960.505 2.1160e+01
960.726 2.1049e+01
960.947 2.1079e+01
961.169 2.1162e+01
961.390 2.1144e+01
961.611 2.1136e+01
961.833 2.1156e+01
962.054 2.1073e+01
962.276 2.0983e+01
962.497 2.1023e+01
962.719 2.1073e+01
962.941 2.1094e+01
963.163 2.1133e+01
963.384 2.0999e+01
963.606 2.1150e+01
963.828 2.1063e+01
964.050 2.0957e+01
964.272 2.1088e+01
964.494 2.1007e+01
964.716 2.0988e+01
964.938 2.0998e+01
965.160 2.1052e+01
965.383 2.1221e+01
965.605 2.1218e+01
965.828 2.1069e+01
966.050 2.1107e+01
966.272 2.1110e+01
966.495 2.1133e+01
966.717 2.1169e+01
966.940 2.0950e+01
967.162 2.1184e+01
967.385 2.1156e+01
967.608 2.1079e+01
967.831 2.1112e+01
968.054 2.1028e+01
968.276 2.1130e+01
968.500 2.1168e+01
968.723 2.0972e+01
968.946 2.1152e+01
969.169 2.1205e+01
969.392 2.1181e+01
969.615 2.1171e+01
969.838 2.1018e+01
970.062 2.1042e+01
970.285 2.1234e+01
970.509 2.1201e+01
970.732 2.1098e+01
970.956 2.1282e+01
971.179 2.1310e+01
971.403 2.1236e+01
971.627 2.1199e+01
971.850 2.1330e+01
972.074 2.1137e+01
972.298 2.1168e+01
972.522 2.1199e+01
972.746 2.1161e+01
972.970 2.1109e+01
973.194 2.1198e+01
973.418 2.1263e+01
973.643 2.1040e+01
973.867 2.1084e+01
974.091 2.1163e+01
974.315 2.1140e+01
974.540 2.1316e+01
974.764 2.1160e+01
974.988 2.0816e+01
975.213 2.1037e+01
975.438 2.1232e+01
975.662 2.1158e+01
975.887 2.0982e+01
976.112 2.0888e+01
976.336 2.1248e+01
976.561 2.1011e+01
976.786 2.1105e+01
977.011 2.0987e+01
977.236 2.1013e+01
977.461 2.1159e+01
977.686 2.1098e+01
977.911 2.1030e+01
978.136 2.1117e+01
978.362 2.1256e+01
978.587 2.1149e+01
978.813 2.0944e+01
979.038 2.0984e+01
979.264 2.1054e+01
979.489 2.1107e+01
979.714 2.1173e+01
979.940 2.0969e+01
980.166 2.1056e+01
980.392 2.1023e+01
980.617 2.1129e+01
980.843 2.1167e+01
981.069 2.1172e+01
981.294 2.1128e+01
981.521 2.0994e+01
981.747 2.1043e+01
981.973 2.1113e+01
982.199 2.1027e+01
982.425 2.1138e+01
982.651 2.1023e+01
982.878 2.1058e+01
983.104 2.1117e+01
983.330 2.1061e+01
983.557 2.1130e+01
983.783 2.1136e+01
984.010 2.1076e+01
984.237 2.1093e+01
984.463 2.1057e+01
984.690 2.1131e+01
984.917 2.1207e+01
985.144 2.1027e+01
985.370 2.1163e+01
985.597 2.1012e+01
985.824 2.1066e+01
986.051 2.1109e+01
986.278 2.1160e+01
986.505 2.1043e+01
986.733 2.1073e+01
986.960 2.1234e+01
987.187 2.1169e+01
987.415 2.1161e+01
987.642 2.0966e+01
987.869 2.1032e+01
988.097 2.1113e+01
988.324 2.1034e+01
988.552 2.1128e+01
988.780 2.1135e+01
989.007 2.1019e+01
989.235 2.1098e+01
989.463 2.1137e+01
989.690 2.1033e+01
989.919 2.1026e+01
990.147 2.1084e+01
990.375 2.1113e+01
990.603 2.1147e+01
990.831 2.1142e+01
991.059 2.1043e+01
991.287 2.1076e+01
991.516 2.1159e+01
991.744 2.1043e+01
991.972 2.1188e+01
992.201 2.1134e+01
992.430 2.1095e+01
992.658 2.1221e+01
992.886 2.1265e+01
993.115 2.1241e+01
993.344 2.0924e+01
993.573 2.1132e+01
993.801 2.1013e+01
994.030 2.0985e+01
994.259 2.1049e+01
994.488 2.1142e+01
994.717 2.1104e+01
994.946 2.1122e+01
995.175 2.1065e+01
995.404 2.1005e+01
995.634 2.1093e+01
995.863 2.1124e+01
996.092 2.1032e+01
996.322 2.1152e+01
996.551 2.1085e+01
996.781 2.1046e+01
997.010 2.1051e+01
997.240 2.1071e+01
997.469 2.1059e+01
997.699 2.1114e+01
997.929 2.1081e+01
998.158 2.1115e+01
998.389 2.1137e+01
998.618 2.1063e+01
998.848 2.1044e+01
999.078 2.0987e+01
999.308 2.1012e+01
999.539 2.0944e+01
999.768 2.1094e+01
999.999 2.0999e+01
1000.229 2.1165e+01
1000.460 2.1187e+01
1000.690 2.1100e+01
1000.920 2.1010e+01
1001.151 2.1109e+01
1001.381 2.1244e+01
1001.612 2.1154e+01
1001.843 2.1030e+01
1002.073 2.1012e+01
1002.304 2.1077e+01
1002.535 2.1152e+01
1002.766 2.0995e+01
1002.996 2.1147e+01
1003.228 2.1127e+01
1003.459 2.1141e+01
1003.690 2.1033e+01
1003.921 2.1119e+01
1004.152 2.1189e+01
1004.383 2.1002e+01
1004.614 2.0997e+01
1004.846 2.1122e+01
1005.077 2.1033e+01
1005.309 2.1120e+01
1005.540 2.1119e+01
1005.772 2.1153e+01
1006.004 2.1043e+01
1006.235 2.1177e+01
1006.467 2.1230e+01
1006.699 2.0994e+01
1006.931 2.1094e+01
1007.162 2.1190e+01
1007.394 2.1126e+01
1007.626 2.1104e+01
1007.858 2.1062e+01
1008.091 2.1024e+01
1008.322 2.1223e+01
1008.555 2.1141e+01
1008.787 2.1034e+01
1009.020 2.1030e+01
1009.252 2.1019e+01
1009.484 2.1027e+01
1009.717 2.1027e+01
1009.949 2.0930e+01
1010.182 2.0998e+01
1010.414 2.1066e+01
1010.647 2.1013e+01
1010.880 2.1020e+01
1011.112 2.1112e+01
1011.345 2.1078e+01
1011.578 2.0969e+01
1011.811 2.1082e+01
1012.044 2.0984e+01
1012.278 2.1066e+01
1012.510 2.1118e+01
1012.743 2.1135e+01
1012.977 2.1085e+01
1013.210 2.1095e+01
1013.444 2.1093e+01
1013.677 2.1009e+01
1013.911 2.0989e+01
1014.144 2.1005e+01
1014.377 2.0989e+01
1014.611 2.1037e+01
1014.844 2.0986e+01
1015.078 2.1027e+01
1015.312 2.1116e+01
1015.546 2.1085e+01
1015.780 2.1079e+01
1016.013 2.1017e+01
1016.248 2.1019e+01
1016.481 2.1123e+01
1016.716 2.0978e+01
1016.950 2.0968e+01
1017.184 2.1125e+01
1017.418 2.1134e+01
1017.652 2.1060e+01
1017.887 2.1059e+01
1018.121 2.1050e+01
1018.356 2.1017e+01
1018.590 2.1052e+01
1018.825 2.1067e+01
1019.059 2.1118e+01
1019.294 2.1108e+01
1019.529 2.1104e+01
1019.763 2.1073e+01
1019.999 2.1026e+01
1020.233 2.1019e+01
1020.468 2.1077e+01
1020.703 2.1070e+01
1020.938 2.0974e+01
1021.173 2.0987e+01
1021.408 2.1036e+01
1021.644 2.0971e+01
1021.879 2.1042e+01
1022.115 2.0996e+01
1022.350 2.1103e+01
1022.585 2.0984e+01
1022.821 2.0976e+01
1023.056 2.1039e+01
1023.292 2.1092e+01
1023.527 2.1033e+01
1023.763 2.0949e+01
1023.999 2.0969e+01
1024.235 2.0996e+01
1024.471 2.0992e+01
1024.706 2.1034e+01
1024.943 2.0936e+01
1025.178 2.1159e+01
1025.415 2.1043e+01
1025.651 2.0932e+01
1025.887 2.1036e+01
1026.123 2.1031e+01
1026.359 2.0992e+01
1026.596 2.1162e+01
1026.832 2.1045e+01
1027.069 2.0968e+01
1027.305 2.1096e+01
1027.542 2.1096e+01
1027.778 2.1033e+01
1028.015 2.1116e+01
1028.252 2.1055e+01
1028.489 2.1054e+01
1028.726 2.1020e+01
1028.962 2.0997e+01
1029.199 2.0961e+01
1029.436 2.1016e+01
1029.673 2.1152e+01
1029.911 2.1078e+01
1030.148 2.0980e+01
1030.385 2.1082e+01
1030.622 2.1074e+01
1030.860 2.1024e+01
1031.097 2.1043e+01
1031.334 2.1032e+01
1031.572 2.1092e+01
1031.809 2.1085e+01
1032.047 2.1088e+01
1032.285 2.1018e+01
1032.523 2.1028e+01
1032.760 2.0972e+01
1032.998 2.1066e+01
1033.236 2.1081e+01
1033.474 2.1054e+01
1033.712 2.1159e+01
1033.950 2.1073e+01
1034.188 2.1039e+01
1034.426 2.1006e+01
1034.664 2.0973e+01
1034.903 2.0996e+01
1035.141 2.0948e+01
1035.380 2.1086e+01
1035.618 2.0978e+01
1035.857 2.1007e+01
1036.095 2.1020e+01
1036.333 2.0959e+01
1036.572 2.1017e+01
1036.811 2.0999e+01
1037.050 2.1017e+01
1037.288 2.1038e+01
1037.527 2.0983e+01
1037.766 2.0990e+01
1038.005 2.1001e+01
1038.244 2.1016e+01
1038.483 2.1058e+01
1038.723 2.1047e+01
1038.962 2.1042e+01
1039.201 2.1008e+01
1039.440 2.1016e+01
1039.679 2.1055e+01
1039.919 2.1054e+01
1040.158 2.1019e+01
1040.398 2.0969e+01
1040.637 2.1105e+01
1040.877 2.1051e+01
1041.117 2.1197e+01
1041.356 2.1048e+01
1041.596 2.0871e+01
1041.836 2.0966e+01
1042.076 2.1133e+01
1042.316 2.0904e+01
1042.557 2.0809e+01
1042.796 2.1461e+01
1043.036 2.0999e+01
1043.277 2.0631e+01
1043.517 2.0995e+01
1043.757 2.0960e+01
1043.997 2.0937e+01
1044.238 2.0942e+01
1044.478 2.0979e+01
1044.719 2.0973e+01
1044.960 2.0936e+01
1045.200 2.0913e+01
1045.441 2.0956e+01
1045.682 2.1006e+01
1045.923 2.1047e+01
1046.163 2.1074e+01
1046.405 2.0994e+01
1046.645 2.0937e+01
1046.886 2.1014e+01
1047.127 2.1007e+01
1047.368 2.0906e+01
1047.610 2.0995e+01
1047.851 2.1026e+01
1048.093 2.0941e+01
1048.334 2.0952e+01
1048.575 2.1010e+01
1048.817 2.0975e+01
1049.058 2.0926e+01
1049.300 2.0929e+01
1049.541 2.1003e+01
1049.783 2.1167e+01
1050.025 2.1078e+01
1050.266 2.0917e+01
1050.509 2.1058e+01
1050.750 2.1015e+01
1050.992 2.1094e+01
1051.234 2.0886e+01
1051.477 2.1011e+01
1051.718 2.0938e+01
1051.960 2.0833e+01
1052.203 2.0964e+01
1052.445 2.0893e+01
1052.688 2.1003e+01
1052.930 2.0908e+01
1053.173 2.0898e+01
1053.415 2.0863e+01
1053.657 2.0863e+01
1053.900 2.0931e+01
1054.143 2.1016e+01
1054.386 2.1130e+01
1054.628 2.0984e+01
1054.872 2.1027e+01
1055.114 2.1129e+01
1055.357 2.0986e+01
1055.600 2.0944e+01
1055.843 2.0944e+01
1056.087 2.0926e+01
1056.330 2.0895e+01
1056.573 2.0904e+01
1056.816 2.0948e+01
1057.059 2.0989e+01
1057.303 2.0939e+01
1057.546 2.0786e+01
1057.790 2.0739e+01
1058.034 2.0785e+01
1058.278 2.0872e+01
1058.521 2.0959e+01
1058.765 2.0929e+01
1059.009 2.0992e+01
1059.252 2.0943e+01
1059.497 2.0964e+01
1059.740 2.1079e+01
1059.985 2.1128e+01
1060.229 2.1191e+01
1060.472 2.1201e+01
1060.717 2.1120e+01
1060.961 2.1056e+01
1061.206 2.1071e+01
1061.450 2.1075e+01
1061.695 2.1111e+01
1061.939 2.1084e+01
1062.183 2.1033e+01
1062.428 2.0961e+01
1062.672 2.0916e+01
1062.917 2.1023e+01
1063.162 2.1054e+01
1063.407 2.1033e+01
1063.652 2.1037e+01
1063.896 2.0967e+01
1064.142 2.0945e+01
1064.386 2.0917e+01
1064.632 2.0984e+01
1064.877 2.1050e+01
1065.123 2.1011e+01
1065.368 2.1042e+01
1065.613 2.0977e+01
1065.858 2.1075e+01
1066.104 2.0970e+01
1066.349 2.0971e+01
1066.595 2.1042e+01
1066.841 2.0993e+01
1067.086 2.1018e+01
1067.332 2.0997e+01
1067.578 2.0937e+01
1067.823 2.1016e+01
1068.070 2.0979e+01
1068.315 2.0981e+01
1068.562 2.0984e+01
1068.807 2.1012e+01
1069.054 2.0972e+01
1069.300 2.1020e+01
1069.546 2.0960e+01
1069.792 2.1039e+01
1070.039 2.0995e+01
1070.285 2.0993e+01
1070.532 2.0914e+01
1070.778 2.0858e+01
1071.025 2.0942e+01
1071.271 2.0948e+01
1071.518 2.0931e+01
1071.765 2.1030e+01
1072.012 2.1049e+01
1072.258 2.0990e+01
1072.506 2.0936e+01
1072.752 2.0919e+01
1072.999 2.1011e+01
1073.247 2.0962e+01
1073.494 2.0950e+01
1073.741 2.0987e+01
1073.988 2.1025e+01
1074.236 2.1023e+01
1074.483 2.0963e+01
1074.730 2.0976e+01
1074.978 2.0913e+01
1075.225 2.0919e+01
1075.473 2.1030e+01
1075.720 2.1038e+01
1075.969 2.0916e+01
1076.216 2.0932e+01
1076.464 2.0983e+01
1076.712 2.0886e+01
1076.960 2.0949e+01
1077.208 2.0994e+01
1077.456 2.1061e+01
1077.704 2.0992e+01
1077.952 2.0926e+01
1078.200 2.0939e+01
1078.449 2.1010e+01
1078.697 2.1096e+01
1078.946 2.1042e+01
1079.194 2.0941e+01
1079.443 2.0982e+01
1079.691 2.0924e+01
1079.939 2.0989e+01
1080.188 2.0905e+01
1080.437 2.0960e+01
1080.686 2.1044e+01
1080.935 2.0973e+01
1081.184 2.0908e+01
1081.433 2.0922e+01
1081.682 2.0995e+01
1081.931 2.0977e+01
1082.180 2.0976e+01
1082.429 2.0923e+01
1082.678 2.0987e+01
1082.928 2.1035e+01
1083.177 2.1064e+01
1083.426 2.0984e+01
1083.676 2.1002e+01
1083.926 2.1084e+01
1084.175 2.0948e+01
1084.425 2.0943e+01
1084.675 2.0998e+01
1084.924 2.0894e+01
1085.175 2.0918e+01
1085.424 2.0956e+01
1085.674 2.0941e+01
1085.924 2.0886e+01
1086.174 2.0903e+01
1086.425 2.0951e+01
1086.674 2.0906e+01
1086.925 2.0911e+01
1087.175 2.0891e+01
1087.425 2.0868e+01
1087.676 2.0899e+01
1087.926 2.0919e+01
1088.177 2.0907e+01
1088.427 2.0987e+01
1088.678 2.1004e+01
1088.929 2.0907e+01
1089.179 2.0966e+01
1089.431 2.0916e+01
1089.681 2.0948e+01
1089.932 2.0900e+01
1090.183 2.1072e+01
1090.435 2.0984e+01
1090.686 2.0985e+01
1090.936 2.1000e+01
1091.188 2.0973e+01
1091.439 2.1008e+01
1091.691 2.0989e+01
1091.942 2.0954e+01
1092.193 2.0952e+01
1092.445 2.0928e+01
1092.696 2.0963e+01
1092.948 2.0914e+01
1093.200 2.0916e+01
1093.452 2.0991e+01
1093.703 2.0923e+01
1093.955 2.1040e+01
1094.207 2.0980e+01
1094.459 2.1001e+01
1094.711 2.0882e+01
1094.963 2.0995e+01
1095.215 2.0974e+01
1095.467 2.0972e+01
1095.720 2.0915e+01
1095.972 2.1023e+01
1096.224 2.0966e+01
1096.477 2.1003e+01
1096.729 2.0953e+01
1096.982 2.0888e+01
1097.234 2.0949e+01
1097.487 2.0913e+01
1097.740 2.0879e+01
1097.993 2.0982e+01
1098.246 2.1022e+01
1098.498 2.0954e+01
1098.752 2.0961e+01
1099.004 2.1055e+01
1099.258 2.1017e+01
1099.511 2.0892e+01
1099.764 2.0923e+01
1100.017 2.0949e+01
1100.270 2.0904e+01
1100.524 2.0956e+01
1100.777 2.0893e+01
1101.031 2.0903e+01
1101.284 2.0945e+01
1101.538 2.0966e+01
1101.792 2.0977e+01
1102.045 2.0965e+01
1102.299 2.0993e+01
1102.553 2.0956e+01
1102.807 2.0898e+01
1103.061 2.0946e+01
1103.315 2.0949e+01
1103.569 2.0947e+01
1103.823 2.0943e+01
1104.078 2.0873e+01
1104.332 2.0997e+01
1104.586 2.0930e+01
1104.840 2.1001e+01
1105.095 2.0971e+01
1105.349 2.0969e+01
1105.604 2.1064e+01
1105.859 2.0998e+01
1106.113 2.0971e+01
1106.368 2.0957e+01
1106.622 2.0904e+01
1106.878 2.0904e+01
1107.132 2.1018e+01
1107.387 2.0972e+01
1107.642 2.1017e+01
1107.897 2.0879e+01
1108.153 2.0877e+01
1108.408 2.0914e+01
1108.663 2.0902e+01
1108.918 2.0916e+01
1109.173 2.0901e+01
1109.429 2.0981e+01
1109.684 2.0977e+01
1109.940 2.0955e+01
1110.196 2.1051e+01
1110.452 2.0962e+01
1110.707 2.0963e+01
1110.963 2.0933e+01
1111.219 2.0909e+01
1111.474 2.0974e+01
1111.731 2.0978e+01
1111.986 2.0873e+01
1112.243 2.0921e+01
1112.499 2.0955e+01
1112.755 2.0948e+01
1113.011 2.0886e+01
1113.267 2.0960e+01
1113.524 2.0907e+01
1113.780 2.1069e+01
1114.037 2.0901e+01
1114.293 2.0973e+01
1114.550 2.0927e+01
1114.807 2.0993e+01
1115.063 2.0902e+01
1115.320 2.0936e+01
1115.577 2.0936e+01
1115.834 2.0968e+01
1116.091 2.0984e+01
1116.347 2.0936e+01
1116.605 2.0927e+01
1116.862 2.0974e+01
1117.119 2.0982e+01
1117.376 2.0935e+01
1117.634 2.0985e+01
1117.891 2.0895e+01
1118.148 2.0878e+01
1118.406 2.0944e+01
1118.663 2.0958e+01
1118.921 2.1033e+01
1119.179 2.0901e+01
1119.437 2.1033e+01
1119.694 2.0872e+01
1119.952 2.1021e+01
1120.210 2.0923e+01
1120.468 2.0984e+01
1120.726 2.0969e+01
1120.984 2.0954e+01
1121.243 2.0987e+01
1121.500 2.0936e+01
1121.758 2.1016e+01
1122.017 2.0939e+01
1122.275 2.1030e+01
1122.534 2.0984e+01
1122.792 2.0959e+01
1123.051 2.1010e+01
1123.310 2.1002e+01
1123.568 2.0933e+01
1123.827 2.0909e+01
1124.086 2.0937e+01
1124.345 2.0961e+01
1124.604 2.0966e+01
1124.863 2.0947e+01
1125.122 2.0934e+01
1125.381 2.0991e+01
1125.640 2.1053e+01
1125.899 2.0931e+01
1126.159 2.1035e+01
1126.418 2.1031e+01
1126.677 2.1083e+01
1126.937 2.1011e+01
1127.196 2.0886e+01
1127.456 2.0932e+01
1127.715 2.0886e+01
1127.975 2.0926e+01
1128.235 2.0953e+01
1128.495 2.1000e+01
1128.754 2.0936e+01
1129.015 2.0906e+01
1129.274 2.0915e+01
1129.534 2.0940e+01
1129.795 2.0833e+01
1130.055 2.0923e+01
1130.315 2.0852e+01
1130.575 2.0913e+01
1130.836 2.0892e+01
1131.096 2.0965e+01
1131.356 2.0889e+01
1131.617 2.0960e+01
1131.878 2.0953e+01
1132.139 2.0858e+01
1132.399 2.0911e+01
1132.660 2.0917e+01
1132.921 2.0922e+01
1133.181 2.0935e+01
1133.443 2.0878e+01
1133.703 2.0868e+01
1133.965 2.0834e+01
1134.226 2.0722e+01
1134.487 2.0844e+01
1134.748 2.0794e+01
1135.009 2.0965e+01
1135.271 2.1016e+01
1135.532 2.0878e+01
1135.794 2.0988e+01
1136.055 2.0913e+01
1136.317 2.0917e+01
1136.579 2.0883e+01
1136.840 2.0921e+01
1137.102 2.0999e+01
1137.364 2.0947e+01
1137.626 2.0842e+01
1137.888 2.0895e+01
1138.150 2.0967e+01
1138.412 2.0960e+01
1138.674 2.0900e+01
1138.937 2.0948e+01
1139.199 2.0820e+01
1139.461 2.0891e+01
1139.723 2.0927e+01
1139.986 2.0858e+01
1140.248 2.0882e+01
1140.511 2.0898e+01
1140.774 2.0884e+01
1141.036 2.0856e+01
1141.299 2.0923e+01
1141.562 2.1000e+01
1141.825 2.0950e+01
1142.088 2.0889e+01
1142.351 2.0903e+01
1142.614 2.0918e+01
1142.877 2.0830e+01
1143.140 2.0856e+01
1143.403 2.1007e+01
1143.667 2.0881e+01
1143.930 2.0961e+01
1144.193 2.1017e+01
1144.457 2.0908e+01
1144.720 2.0998e+01
1144.984 2.0939e+01
1145.248 2.0852e+01
1145.512 2.0809e+01
1145.775 2.0874e+01
1146.040 2.0863e+01
1146.303 2.0789e+01
1146.567 2.0962e+01
1146.831 2.0843e+01
1147.095 2.0935e+01
1147.360 2.0861e+01
1147.624 2.0845e+01
1147.888 2.0833e+01
1148.152 2.1022e+01
1148.417 2.0834e+01
1148.681 2.0901e+01
1148.946 2.0841e+01
1149.210 2.0862e+01
1149.475 2.0852e+01
1149.740 2.0934e+01
1150.004 2.0998e+01
1150.269 2.0880e+01
1150.534 2.0804e+01
1150.799 2.0919e+01
1151.064 2.0913e+01
1151.329 2.0920e+01
1151.595 2.0885e+01
1151.859 2.0906e+01
1152.124 2.0973e+01
1152.390 2.0949e+01
1152.655 2.0909e+01
1152.921 2.0900e+01
1153.186 2.0867e+01
1153.452 2.0913e+01
1153.718 2.0937e+01
1153.983 2.0862e+01
1154.249 2.0898e+01
1154.515 2.0945e+01
1154.781 2.0961e+01
1155.047 2.0895e+01
1155.313 2.0764e+01
1155.579 2.0790e+01
1155.844 2.0842e+01
1156.111 2.0916e+01
1156.377 2.0948e+01
1156.644 2.0872e+01
1156.910 2.0848e+01
1157.177 2.0873e+01
1157.443 2.0876e+01
1157.709 2.0902e+01
1157.976 2.0904e+01
1158.242 2.0950e+01
1158.509 2.0934e+01
1158.776 2.0891e+01
1159.043 2.0910e+01
1159.310 2.0834e+01
1159.576 2.0858e+01
1159.844 2.0809e+01
1160.111 2.0915e+01
1160.378 2.0807e+01
1160.645 2.0819e+01
1160.913 2.0881e+01
1161.180 2.0894e+01
1161.447 2.0933e+01
1161.715 2.0859e+01
1161.982 2.0897e+01
1162.250 2.0940e+01
1162.517 2.0926e+01
1162.786 2.0919e+01
1163.053 2.0863e+01
1163.321 2.1015e+01
1163.589 2.0932e+01
1163.856 2.0916e+01
1164.125 2.0913e+01
1164.393 2.0847e+01
1164.661 2.0904e+01
1164.929 2.0944e+01
1165.198 2.0898e+01
1165.466 2.0867e+01
1165.734 2.0906e+01
1166.003 2.0864e+01
1166.271 2.0907e+01
1166.540 2.0889e+01
1166.808 2.0835e+01
1167.077 2.0848e+01
1167.346 2.0881e+01
1167.614 2.0875e+01
1167.884 2.0846e+01
1168.152 2.0838e+01
1168.422 2.0923e+01
1168.690 2.1006e+01
1168.960 2.0941e+01
1169.229 2.0941e+01
1169.498 2.1020e+01
1169.767 2.1011e+01
1170.036 2.0903e+01
1170.307 2.0893e+01
1170.576 2.0889e+01
1170.846 2.0841e+01
1171.115 2.0902e+01
1171.384 2.0835e+01
1171.654 2.0868e+01
1171.924 2.0848e+01
1172.194 2.0928e+01
1172.464 2.0811e+01
1172.734 2.0847e+01
1173.004 2.0838e+01
1173.274 2.0889e+01
1173.544 2.0888e+01
1173.814 2.0873e+01
1174.085 2.0907e+01
1174.355 2.0896e+01
1174.626 2.0817e+01
1174.896 2.0912e+01
1175.167 2.0879e+01
1175.437 2.0878e+01
1175.708 2.0899e+01
1175.979 2.0883e+01
1176.250 2.0857e+01
1176.521 2.0864e+01
1176.792 2.0850e+01
1177.062 2.0895e+01
1177.334 2.0881e+01
1177.604 2.0874e+01
1177.876 2.0892e+01
1178.147 2.0835e+01
1178.419 2.0688e+01
1178.690 2.0357e+01
1178.961 2.0245e+01
1179.233 2.0434e+01
1179.504 2.0710e+01
1179.776 2.0764e+01
1180.047 2.0972e+01
1180.320 2.0951e+01
1180.591 2.0935e+01
1180.863 2.0399e+01
1181.135 1.9381e+01
1181.407 1.8646e+01
1181.679 1.8477e+01
1181.951 1.8880e+01
1182.224 1.9796e+01
1182.495 2.0543e+01
1182.767 2.0917e+01
1183.040 2.0919e+01
1183.312 2.0872e+01
1183.585 2.0884e+01
1183.858 2.0883e+01
1184.130 2.0924e+01
1184.403 2.0794e+01
1184.675 2.0523e+01
1184.949 1.9951e+01
1185.221 1.9484e+01
1185.495 1.9568e+01
1185.767 2.0059e+01
1186.041 2.0643e+01
1186.314 2.0793e+01
1186.587 2.0869e+01
1186.860 2.0878e+01
1187.133 2.0848e+01
1187.407 2.0851e+01
1187.680 2.0968e+01
1187.954 2.0903e+01
1188.227 2.0843e+01
1188.501 2.0828e+01
1188.775 2.0906e+01
1189.048 2.0932e+01
1189.322 2.0861e+01
1189.596 2.0937e+01
1189.870 2.0845e+01
1190.144 2.0928e+01
1190.418 2.0841e+01
1190.692 2.0886e+01
1190.966 2.0905e+01
1191.241 2.0878e+01
1191.515 2.0857e+01
1191.790 2.0887e+01
1192.064 2.0819e+01
1192.339 2.0834e+01
1192.613 2.0883e+01
1192.887 2.0916e+01
1193.162 2.0864e+01
1193.437 2.0879e+01
1193.712 2.0844e+01
1193.987 2.0777e+01
1194.262 2.0885e+01
1194.537 2.0857e+01
1194.812 2.0849e+01
1195.087 2.0751e+01
1195.362 2.0759e+01
1195.638 2.0883e+01
1195.913 2.0882e+01
1196.188 2.0836e+01
1196.464 2.0889e+01
1196.739 2.0868e+01
1197.015 2.0871e+01
1197.290 2.0857e+01
1197.566 2.0874e+01
1197.842 2.0812e+01
1198.118 2.0783e+01
1198.394 2.1019e+01
1198.669 2.0788e+01
1198.946 2.0828e+01
1199.222 2.0807e+01
1199.498 2.0652e+01
1199.774 2.0788e+01
1200.051 2.0813e+01
1200.327 2.0877e+01
1200.603 2.0802e+01
1200.880 2.0808e+01
1201.156 2.0844e+01
1201.433 2.0854e+01
1201.709 2.0858e+01
1201.986 2.0824e+01
1202.263 2.0777e+01
1202.540 2.0833e+01
1202.817 2.0809e+01
1203.094 2.0840e+01
1203.371 2.0825e+01
1203.648 2.0808e+01
1203.925 2.0733e+01
1204.202 2.0682e+01
1204.479 2.0632e+01
1204.757 2.0760e+01
1205.034 2.0850e+01
1205.312 2.0748e+01
1205.589 2.0941e+01
1205.868 2.0776e+01
1206.145 2.0794e+01
1206.422 2.0868e+01
1206.701 2.0868e+01
1206.978 2.0986e+01
1207.256 2.0793e+01
1207.534 2.0797e+01
1207.813 2.0810e+01
1208.091 2.0766e+01
1208.369 2.0775e+01
1208.647 2.0487e+01
1208.925 2.0038e+01
1209.204 1.9783e+01
1209.482 1.9863e+01
1209.761 2.0318e+01
1210.039 2.0756e+01
1210.318 2.0834e+01
1210.597 2.0692e+01
1210.875 2.0917e+01
1211.155 2.0479e+01
1211.433 2.0277e+01
1211.712 2.0051e+01
1211.991 2.0038e+01
1212.271 2.0297e+01
1212.550 2.0791e+01
1212.828 2.0726e+01
1213.108 2.0947e+01
1213.387 2.0794e+01
1213.667 2.0821e+01
1213.946 2.0846e+01
1214.226 2.0743e+01
1214.506 2.0846e+01
1214.785 2.0777e+01
1215.065 2.0880e+01
1215.345 2.0731e+01
1215.625 2.0755e+01
1215.904 2.0840e+01
1216.185 2.0843e+01
1216.465 2.0814e+01
1216.745 2.0932e+01
1217.025 2.0788e+01
1217.305 2.0832e+01
1217.586 2.0751e+01
1217.866 2.0902e+01
1218.147 2.0872e+01
1218.427 2.0853e+01
1218.707 2.0781e+01
1218.988 2.0826e+01
1219.269 2.0816e+01
1219.550 2.0905e+01
1219.830 2.0820e+01
1220.112 2.0715e+01
1220.392 2.0820e+01
1220.673 2.0777e+01
1220.955 2.0780e+01
1221.235 2.0848e+01
1221.517 2.0800e+01
1221.798 2.0912e+01
1222.080 2.0892e+01
1222.361 2.0764e+01
1222.642 2.0844e+01
1222.924 2.0836e+01
1223.206 2.0862e+01
1223.488 2.1011e+01
1223.769 2.0790e+01
1224.051 2.0874e+01
1224.333 2.0915e+01
1224.614 2.0802e+01
1224.897 2.0748e+01
1225.179 2.0859e+01
1225.461 2.0633e+01
1225.743 2.0962e+01
1226.026 2.0943e+01
1226.308 2.0781e+01
1226.590 2.0913e+01
1226.873 2.0841e+01
1227.155 2.0826e+01
1227.438 2.0818e+01
1227.720 2.0821e+01
1228.004 2.0737e+01
1228.286 2.0859e+01
1228.568 2.0774e+01
1228.852 2.0829e+01
1229.135 2.0746e+01
1229.418 2.0850e+01
1229.701 2.0780e+01
1229.984 2.0877e+01
1230.267 2.0776e+01
1230.551 2.0861e+01
1230.834 2.0869e+01
1231.117 2.0825e+01
1231.401 2.0839e+01
1231.684 2.0741e+01
1231.969 2.0871e+01
1232.252 2.0896e+01
1232.536 2.0829e+01
1232.820 2.0774e+01
1233.103 2.0724e+01
1233.387 2.0827e+01
1233.671 2.0811e+01
1233.956 2.0826e+01
1234.240 2.0851e+01
1234.524 2.0843e+01
1234.808 2.0924e+01
1235.092 2.0823e+01
1235.377 2.0800e+01
1235.661 2.0890e+01
1235.946 2.0913e+01
1236.230 2.0792e+01
1236.516 2.0779e+01
1236.800 2.0775e+01
1237.085 2.0884e+01
1237.370 2.0862e+01
1237.655 2.0754e+01
1237.940 2.0762e+01
1238.225 2.0771e+01
1238.510 2.0789e+01
1238.795 2.0712e+01
1239.080 2.0861e+01
1239.366 2.0801e+01
1239.651 2.0795e+01
1239.937 2.0830e+01
1240.222 2.0666e+01
1240.508 2.0787e+01
1240.793 2.0698e+01
1241.079 2.0791e+01
1241.365 2.0771e+01
1241.651 2.0737e+01
1241.937 2.0842e+01
1242.223 2.0847e+01
1242.509 2.0767e+01
1242.795 2.0763e+01
1243.081 2.0785e+01
1243.368 2.0790e+01
1243.654 2.0762e+01
1243.940 2.0838e+01
1244.227 2.0730e+01
1244.513 2.0875e+01
1244.800 2.0817e+01
1245.086 2.0738e+01
1245.373 2.0972e+01
1245.660 2.0521e+01
1245.947 2.0816e+01
1246.234 2.0794e+01
1246.521 2.0728e+01
1246.808 2.0754e+01
1247.095 2.0811e+01
1247.382 2.0813e+01
1247.669 2.0849e+01
1247.957 2.0803e+01
1248.244 2.0818e+01
1248.532 2.0765e+01
1248.819 2.0788e+01
1249.106 2.0760e+01
1249.394 2.0798e+01
1249.682 2.0813e+01
1249.970 2.0768e+01
1250.257 2.0811e+01
1250.546 2.0828e+01
1250.833 2.0822e+01
1251.121 2.0825e+01
1251.410 2.0796e+01
1251.698 2.0817e+01
1251.986 2.0775e+01
1252.274 2.0687e+01
1252.563 2.0754e+01
1252.851 2.0726e+01
1253.140 2.0909e+01
1253.428 2.0766e+01
1253.717 2.0840e+01
1254.006 2.0779e+01
1254.294 2.0792e+01
1254.584 2.0712e+01
1254.872 2.0683e+01
1255.161 2.0837e+01
1255.450 2.0711e+01
1255.739 2.1005e+01
1256.029 2.0771e+01
1256.318 2.0937e+01
1256.607 2.0804e+01
1256.896 2.0895e+01
1257.186 2.0822e+01
1257.475 2.0671e+01
1257.765 2.0782e+01
1258.055 2.0551e+01
1258.344 2.0985e+01
1258.634 2.0684e+01
1258.924 2.0810e+01
1259.214 2.0846e+01
1259.504 2.0719e+01
1259.794 2.0645e+01
1260.084 2.0880e+01
1260.374 2.0827e+01
1260.665 2.0897e+01
1260.955 2.0802e+01
1261.245 2.0695e+01
1261.536 2.0882e+01
1261.826 2.0752e+01
1262.117 2.0916e+01
1262.407 2.0709e+01
1262.698 2.0861e+01
1262.989 2.0740e+01
1263.280 2.0788e+01
1263.571 2.0960e+01
1263.861 2.0764e+01
1264.153 2.0817e+01
1264.443 2.0766e+01
1264.735 2.0779e+01
1265.026 2.0813e+01
1265.318 2.0766e+01
1265.609 2.0817e+01
1265.900 2.0662e+01
1266.192 2.0760e+01
1266.483 2.0820e+01
1266.775 2.0849e+01
1267.067 2.0765e+01
1267.359 2.0805e+01
1267.650 2.0797e+01
1267.942 2.0837e+01
1268.234 2.0721e+01
1268.526 2.0772e+01
1268.819 2.0821e+01
1269.111 2.0727e+01
1269.403 2.0785e+01
1269.695 2.0829e+01
1269.987 2.0808e+01
1270.280 2.0725e+01
1270.572 2.0789e+01
1270.865 2.0818e+01
1271.158 2.0812e+01
1271.451 2.0778e+01
1271.743 2.0813e+01
1272.036 2.0660e+01
1272.329 2.0721e+01
1272.622 2.0864e+01
1272.915 2.0748e+01
1273.208 2.0730e+01
1273.502 2.0761e+01
1273.795 2.0721e+01
1274.088 2.0858e+01
1274.382 2.0833e+01
1274.675 2.0673e+01
1274.969 2.0794e+01
1275.262 2.0835e+01
1275.556 2.0811e+01
1275.850 2.0809e+01
1276.144 2.0858e+01
1276.437 2.0880e+01
1276.731 2.0522e+01
1277.026 2.0950e+01
1277.319 2.0627e+01
1277.614 2.0666e+01
1277.908 2.0906e+01
1278.202 2.0823e+01
1278.496 2.0764e+01
1278.790 2.0881e+01
1279.085 2.0869e+01
1279.380 2.0737e+01
1279.675 2.0730e+01
1279.969 2.0833e+01
1280.264 2.0779e+01
1280.559 2.0703e+01
1280.853 2.0777e+01
1281.149 2.0798e+01
1281.443 2.0791e+01
1281.739 2.0869e+01
1282.034 2.0725e+01
1282.329 2.0810e+01
1282.624 2.0818e+01
1282.920 2.0677e+01
1283.215 2.0702e+01
1283.511 2.0837e+01
1283.807 2.0743e+01
1284.102 2.0845e+01
1284.398 2.0696e+01
1284.693 2.0502e+01
1284.989 2.0743e+01
1285.285 2.0730e+01
1285.581 2.0710e+01
1285.877 2.0827e+01
1286.173 2.0837e+01
1286.470 2.0817e+01
1286.766 2.0801e+01
1287.062 2.0833e+01
1287.359 2.0798e+01
1287.655 2.0830e+01
1287.952 2.0686e+01
1288.248 2.0784e+01
1288.545 2.0736e+01
1288.842 2.0790e+01
1289.138 2.0760e+01
1289.435 2.0743e+01
1289.732 2.0821e+01
1290.029 2.0748e+01
1290.326 2.0410e+01
1290.624 2.0825e+01
1290.920 2.0657e+01
1291.218 2.0745e+01
1291.515 2.0846e+01
1291.812 2.0850e+01
1292.110 2.0822e+01
1292.407 2.0826e+01
1292.705 2.0763e+01
1293.003 2.0761e+01
1293.300 2.0829e+01
1293.599 2.0891e+01
1293.896 2.0819e+01
1294.195 2.0737e+01
1294.492 2.1108e+01
1294.791 2.0313e+01
1295.089 2.0684e+01
1295.386 2.0735e+01
1295.685 2.0730e+01
1295.983 2.0797e+01
1296.282 2.0784e+01
1296.580 2.0711e+01
1296.879 2.0845e+01
1297.178 2.0734e+01
1297.476 2.0831e+01
1297.775 2.0759e+01
1298.074 2.0930e+01
1298.373 2.0846e+01
1298.672 2.0742e+01
1298.971 2.0839e+01
1299.270 2.0712e+01
1299.570 2.0832e+01
1299.869 2.0901e+01
1300.168 2.0526e+01
1300.468 2.0625e+01
1300.767 2.0730e+01
1301.067 2.0844e+01
1301.366 2.0701e+01
1301.666 2.0761e+01
1301.966 2.0838e+01
1302.265 2.0814e+01
1302.565 2.0797e+01
1302.865 2.0797e+01
1303.166 2.0665e+01
1303.465 2.0730e+01
1303.766 2.0727e+01
1304.066 2.0792e+01
1304.366 2.0694e+01
1304.667 2.0783e+01
1304.967 2.0785e+01
1305.268 2.0755e+01
1305.568 2.0712e+01
1305.869 2.0678e+01
1306.169 2.0664e+01
1306.470 2.0724e+01
1306.771 2.0687e+01
1307.072 2.0756e+01
1307.373 2.0867e+01
1307.674 2.0666e+01
1307.975 2.0734e+01
1308.276 2.0661e+01
1308.577 2.0764e+01
1308.879 2.0801e+01
1309.180 2.0839e+01
1309.482 2.0656e+01
1309.783 2.0604e+01
1310.085 2.0881e+01
1310.387 2.0637e+01
1310.688 2.0633e+01
1310.990 2.0887e+01
1311.292 2.0601e+01
1311.594 2.0565e+01
1311.896 2.0796e+01
1312.199 2.0954e+01
1312.501 2.0792e+01
1312.802 2.0834e+01
1313.105 2.0683e+01
1313.407 2.0678e+01
1313.710 2.0754e+01
1314.012 2.0713e+01
1314.315 2.0779e+01
1314.618 2.0662e+01
1314.920 2.0836e+01
1315.223 2.0670e+01
1315.526 2.0860e+01
1315.829 2.0832e+01
1316.132 2.0647e+01
1316.436 2.0766e+01
1316.738 2.0739e+01
1317.041 2.0818e+01
1317.345 2.0717e+01
1317.648 2.0720e+01
1317.952 2.0588e+01
1318.255 2.0980e+01
1318.559 2.0415e+01
1318.862 2.0831e+01
1319.166 2.0663e+01
1319.470 2.0648e+01
1319.774 2.0684e+01
1320.078 2.0702e+01
1320.382 2.0894e+01
1320.686 2.0650e+01
1320.990 2.0734e+01
1321.294 2.0646e+01
1321.598 2.0644e+01
1321.902 2.0718e+01
1322.207 2.0677e+01
1322.511 2.0747e+01
1322.817 2.0713e+01
1323.121 2.0840e+01
1323.426 2.0582e+01
1323.730 2.0625e+01
1324.035 2.0768e+01
1324.340 2.0773e+01
1324.645 2.0706e+01
1324.950 2.0704e+01
1325.255 2.0768e+01
1325.561 2.0860e+01
1325.866 2.0725e+01
1326.171 2.0772e+01
1326.476 2.0636e+01
1326.782 2.0710e+01
1327.088 2.0760e+01
1327.393 2.0762e+01
1327.699 2.0634e+01
1328.004 2.0565e+01
1328.310 2.0827e+01
1328.616 2.0339e+01
1328.922 2.0825e+01
1329.228 2.0585e+01
1329.534 2.0713e+01
1329.841 2.0775e+01
1330.147 2.0742e+01
1330.453 2.0801e+01
1330.759 2.0745e+01
1331.065 2.0795e+01
1331.372 2.0797e+01
1331.679 2.0727e+01
1331.986 2.0781e+01
1332.292 2.0728e+01
1332.599 2.0651e+01
1332.906 2.0630e+01
1333.213 2.0675e+01
1333.520 2.0670e+01
1333.827 2.0709e+01
1334.135 2.0667e+01
1334.441 2.0818e+01
1334.748 2.0500e+01
1335.056 2.0812e+01
1335.363 2.0761e+01
1335.671 2.0774e+01
1335.978 2.0758e+01
1336.286 2.0707e+01
1336.594 2.0712e+01
1336.901 2.0719e+01
1337.210 2.0627e+01
1337.517 2.0699e+01
1337.826 2.0700e+01
1338.134 2.0801e+01
1338.442 2.0636e+01
1338.750 2.0712e+01
1339.058 2.0656e+01
1339.367 2.0815e+01
1339.675 2.0683e+01
1339.984 2.0626e+01
1340.292 2.0682e+01
1340.601 2.0771e+01
1340.910 2.0839e+01
1341.218 2.0676e+01
1341.527 2.0653e+01
1341.836 2.0792e+01
1342.145 2.0705e+01
1342.454 2.0683e+01
1342.764 2.0750e+01
1343.073 2.0746e+01
1343.382 2.0706e+01
1343.691 2.0674e+01
1344.000 2.0811e+01
1344.310 2.0726e+01
1344.620 2.0717e+01
1344.930 2.0820e+01
1345.239 2.0738e+01
1345.549 2.0765e+01
1345.859 2.0747e+01
1346.168 2.0721e+01
1346.479 2.0619e+01
1346.789 2.0687e+01
1347.099 2.0722e+01
1347.409 2.0727e+01
1347.720 2.0677e+01
1348.030 2.0704e+01
1348.340 2.0764e+01
1348.651 2.0715e+01
1348.961 2.0774e+01
1349.272 2.0738e+01
1349.583 2.0707e+01
1349.894 2.0717e+01
1350.204 2.0677e+01
1350.515 2.0718e+01
1350.826 2.0797e+01
1351.137 2.0696e+01
1351.449 2.0829e+01
1351.760 2.0695e+01
1352.071 2.0803e+01
1352.382 2.0821e+01
1352.693 2.0739e+01
1353.005 2.0648e+01
1353.317 2.0679e+01
1353.629 2.0623e+01
1353.940 2.0661e+01
1354.252 2.0714e+01
1354.564 2.0696e+01
1354.876 2.0645e+01
1355.188 2.0762e+01
1355.500 2.0673e+01
1355.812 2.0687e+01
1356.124 2.0716e+01
1356.437 2.0756e+01
1356.749 2.0711e+01
1357.061 2.0650e+01
1357.374 2.0764e+01
1357.686 2.0762e+01
1357.999 2.0725e+01
1358.312 2.0698e+01
1358.625 2.0704e+01
1358.938 2.0839e+01
1359.250 2.0683e+01
1359.564 2.0653e+01
1359.876 2.0722e+01
1360.190 2.0747e+01
1360.503 2.0680e+01
1360.817 2.0675e+01
1361.130 2.0622e+01
1361.443 2.0580e+01
1361.757 2.0777e+01
1362.070 2.0750e+01
1362.384 2.0678e+01
1362.697 2.0825e+01
1363.012 2.0792e+01
1363.325 2.0665e+01
1363.639 2.0754e+01
1363.953 2.0685e+01
1364.267 2.0638e+01
1364.582 2.0723e+01
1364.896 2.0724e+01
1365.210 2.0661e+01
1365.524 2.0651e+01
1365.839 2.0748e+01
1366.154 2.0772e+01
1366.468 2.0804e+01
1366.783 2.0838e+01
1367.097 2.0770e+01
1367.413 2.0668e+01
1367.727 2.0679e+01
1368.042 2.0750e+01
1368.357 2.0690e+01
1368.672 2.0821e+01
1368.988 2.0729e+01
1369.303 2.0579e+01
1369.618 2.0662e+01
1369.933 2.0561e+01
1370.249 2.0960e+01
1370.564 2.0515e+01
1370.880 2.0696e+01
1371.196 2.0634e+01
1371.511 2.0630e+01
1371.828 2.0741e+01
1372.143 2.0461e+01
1372.460 2.0448e+01
1372.776 2.0795e+01
1373.091 2.0931e+01
1373.408 2.0847e+01
1373.724 2.0687e+01
1374.041 2.0490e+01
1374.357 2.0720e+01
1374.674 2.0595e+01
1374.990 2.0776e+01
1375.306 2.0896e+01
1375.623 2.0685e+01
1375.940 2.0697e+01
1376.257 2.0673e+01
1376.574 2.0721e+01
1376.891 2.0678e+01
1377.208 2.0886e+01
1377.525 2.0769e+01
1377.842 2.0716e+01
1378.159 2.0723e+01
1378.477 2.0780e+01
1378.794 2.0687e+01
1379.112 2.0663e+01
1379.429 2.0779e+01
1379.747 2.0702e+01
1380.065 2.0770e+01
1380.382 2.0743e+01
1380.701 2.0775e+01
1381.018 2.0383e+01
1381.337 2.0597e+01
1381.655 2.0314e+01
1381.972 2.0767e+01
1382.291 2.0756e+01
1382.609 2.0592e+01
1382.928 2.0785e+01
1383.246 2.0661e+01
1383.565 2.0776e+01
1383.883 2.0644e+01
1384.202 2.0979e+01
1384.521 2.0716e+01
1384.839 2.0508e+01
1385.159 2.0796e+01
1385.477 2.0726e+01
1385.797 2.0734e+01
1386.116 2.0773e+01
1386.435 2.0767e+01
1386.754 2.0706e+01
1387.073 2.0704e+01
1387.393 2.0952e+01
1387.712 2.0467e+01
1388.032 2.0902e+01
1388.352 2.0707e+01
1388.671 2.0827e+01
1388.991 2.0901e+01
1389.311 2.0771e+01
1389.631 2.0609e+01
1389.951 2.0648e+01
1390.271 2.1178e+01
1390.591 2.0458e+01
1390.911 2.0739e+01
1391.232 2.0578e+01
1391.552 2.0888e+01
1391.873 2.0721e+01
1392.193 2.0870e+01
1392.514 2.0776e+01
1392.834 2.0958e+01
1393.155 2.0399e+01
1393.476 2.0683e+01
1393.797 2.0663e+01
1394.118 2.0734e+01
1394.439 2.0654e+01
1394.760 2.0658e+01
1395.081 2.1496e+01
1395.403 2.0855e+01
1395.724 2.0422e+01
1396.045 2.0512e+01
1396.367 2.0802e+01
1396.688 2.0545e+01
1397.010 2.0764e+01
1397.332 2.0715e+01
1397.654 2.0677e+01
1397.975 2.0709e+01
1398.297 2.0771e+01
1398.619 2.0580e+01
1398.941 2.1114e+01
1399.264 2.0531e+01
1399.586 2.0767e+01
1399.908 2.0662e+01
1400.230 2.0653e+01
1400.553 2.0676e+01
1400.876 2.0831e+01
1401.198 2.0523e+01
1401.521 2.0190e+01
1401.843 2.0592e+01
1402.167 2.0674e+01
1402.489 2.0914e+01
1402.812 2.0800e+01
1403.135 2.0666e+01
1403.458 2.0615e+01
1403.782 2.0649e+01
1404.105 2.0599e+01
1404.428 2.0709e+01
1404.751 2.0802e+01
1405.075 2.0615e+01
1405.399 2.0681e+01
1405.722 2.0616e+01
1406.046 2.0647e+01
1406.370 2.0688e+01
1406.694 2.0614e+01
1407.018 2.0594e+01
1407.341 2.0835e+01
1407.666 2.0767e+01
1407.990 2.0415e+01
1408.314 2.0696e+01
1408.638 2.0619e+01
1408.963 2.0738e+01
1409.287 2.0672e+01
1409.611 2.0719e+01
1409.936 2.0636e+01
1410.261 2.0708e+01
1410.586 2.0848e+01
1410.910 2.0756e+01
1411.236 2.0767e+01
1411.561 2.0673e+01
1411.885 2.0752e+01
1412.211 2.0684e+01
1412.536 2.0832e+01
1412.861 2.0641e+01
1413.187 2.0786e+01
1413.512 2.0635e+01
1413.837 2.0718e+01
1414.163 2.0671e+01
1414.489 2.0639e+01
1414.814 2.0754e+01
1415.141 2.0454e+01
1415.466 2.0652e+01
1415.792 2.0739e+01
1416.118 2.0759e+01
1416.444 2.0798e+01
1416.771 2.0722e+01
1417.096 2.0731e+01
1417.423 2.0709e+01
1417.749 2.0565e+01
1418.076 2.0768e+01
1418.402 2.0652e+01
1418.729 2.0637e+01
1419.056 2.0679e+01
1419.382 2.0656e+01
1419.710 2.0669e+01
1420.036 2.0576e+01
1420.364 2.0639e+01
1420.691 2.0574e+01
1421.018 2.0556e+01
1421.345 2.0699e+01
1421.672 2.0594e+01
1422.000 2.0703e+01
1422.327 2.0681e+01
1422.655 2.0536e+01
1422.982 2.0550e+01
1423.310 2.0633e+01
1423.638 2.0711e+01
1423.965 2.0635e+01
1424.294 2.0638e+01
1424.621 2.0732e+01
1424.950 2.0685e+01
1425.278 2.0762e+01
1425.606 2.0908e+01
1425.934 2.0655e+01
1426.262 2.0949e+01
1426.591 2.0700e+01
1426.919 2.0795e+01
1427.248 2.0751e+01
1427.577 2.0647e+01
1427.906 2.0640e+01
1428.234 2.0537e+01
1428.563 2.0809e+01
1428.893 2.0843e+01
1429.221 2.0674e+01
1429.551 2.0567e+01
1429.880 2.0612e+01
1430.209 2.0611e+01
1430.538 2.0673e+01
1430.867 2.0720e+01
1431.197 2.0625e+01
1431.527 2.0719e+01
1431.857 2.0695e+01
1432.186 2.0554e+01
1432.516 2.0676e+01
1432.846 2.0418e+01
1433.176 2.0642e+01
1433.506 2.0427e+01
1433.836 2.0476e+01
1434.166 2.0719e+01
1434.496 2.0557e+01
1434.827 2.0768e+01
1435.157 2.0677e+01
1435.487 2.0578e+01
1435.818 2.0595e+01
1436.149 2.0571e+01
1436.480 2.0503e+01
1436.810 2.0777e+01
1437.142 2.0585e+01
1437.472 2.0731e+01
1437.803 2.0529e+01
1438.135 2.0578e+01
1438.465 2.0634e+01
1438.797 2.0723e+01
1439.128 2.0708e+01
1439.460 2.0717e+01
1439.791 2.0825e+01
1440.122 2.0705e+01
1440.454 2.0583e+01
1440.786 2.0658e+01
1441.118 2.0615e+01
1441.450 2.0701e+01
1441.782 2.0658e+01
1442.114 2.0643e+01
1442.445 2.0589e+01
1442.778 2.0528e+01
1443.110 2.0554e+01
1443.443 2.0608e+01
1443.775 2.0701e+01
1444.108 2.0757e+01
1444.440 2.0603e+01
1444.772 2.0692e+01
1445.105 2.0783e+01
1445.438 2.0617e+01
1445.771 2.0606e+01
1446.104 2.0609e+01
1446.437 2.0726e+01
1446.770 2.0754e+01
1447.104 2.0739e+01
1447.436 2.0481e+01
1447.769 2.0657e+01
1448.103 2.0546e+01
1448.437 2.0679e+01
1448.771 2.0686e+01
1449.104 2.0457e+01
1449.438 2.0635e+01
1449.771 2.0728e+01
1450.105 2.0476e+01
1450.439 2.0427e+01
1450.773 2.0771e+01
1451.107 2.0475e+01
1451.441 2.0516e+01
1451.776 2.0416e+01
1452.110 2.0497e+01
1452.444 2.0857e+01
1452.779 2.0892e+01
1453.113 2.0175e+01
1453.448 2.0353e+01
1453.783 2.0366e+01
1454.118 2.0470e+01
1454.453 2.0525e+01
1454.787 2.0637e+01
1455.123 2.0489e+01
1455.457 2.0378e+01
1455.793 2.0495e+01
1456.128 2.0647e+01
1456.464 2.0572e+01
1456.799 2.0737e+01
1457.134 2.0591e+01
1457.470 2.0586e+01
1457.805 2.0688e+01
1458.141 2.0802e+01
1458.477 2.0662e+01
1458.813 2.0553e+01
1459.149 2.0564e+01
1459.484 2.0657e+01
1459.821 2.0470e+01
1460.156 2.0665e+01
1460.493 2.0644e+01
1460.829 2.2651e+01
1461.166 1.9749e+01
1461.502 2.0400e+01
1461.839 2.0210e+01
1462.176 2.0700e+01
1462.512 2.0517e+01
1462.849 2.0241e+01
1463.186 2.0405e+01
1463.523 2.0450e+01
1463.860 2.0636e+01
1464.197 2.0721e+01
1464.534 2.0549e+01
1464.871 2.0525e+01
1465.209 2.0390e+01
1465.546 2.0477e+01
1465.884 2.0513e+01
1466.221 2.0693e+01
1466.558 2.0536e+01
1466.897 2.0605e+01
1467.234 2.0675e+01
1467.573 2.1185e+01
1467.910 2.0244e+01
1468.248 2.0754e+01
1468.586 2.0425e+01
1468.924 2.0749e+01
1469.263 2.0757e+01
1469.601 2.0766e+01
1469.940 2.0776e+01
1470.278 2.0760e+01
1470.617 2.2835e+01
1470.955 1.9612e+01
1471.294 2.0859e+01
1471.633 2.0195e+01
1471.972 2.0464e+01
1472.311 2.0501e+01
1472.650 2.0619e+01
1472.989 2.0628e+01
1473.328 2.0931e+01
1473.668 2.0745e+01
1474.007 1.9997e+01
1474.346 2.0499e+01
1474.686 2.0363e+01
1475.025 2.0593e+01
1475.365 2.0654e+01
1475.705 2.0522e+01
1476.045 2.2008e+01
1476.385 2.0718e+01
1476.724 2.0162e+01
1477.065 2.0237e+01
1477.404 2.0522e+01
1477.745 2.0453e+01
1478.085 2.0667e+01
1478.426 2.0708e+01
1478.766 2.0623e+01
1479.106 2.0454e+01
1479.447 2.0507e+01
1479.788 2.0839e+01
1480.129 2.0501e+01
1480.469 2.0525e+01
1480.811 2.0394e+01
1481.151 2.0493e+01
1481.492 2.0850e+01
1481.834 2.0678e+01
1482.175 2.1160e+01
1482.516 2.1282e+01
1482.858 2.0521e+01
1483.200 2.0127e+01
1483.541 2.0412e+01
1483.882 2.0447e+01
1484.224 2.0770e+01
1484.566 2.0692e+01
1484.908 2.0657e+01
1485.250 2.0768e+01
1485.592 2.0735e+01
1485.934 2.0769e+01
1486.276 2.0394e+01
1486.619 2.0580e+01
1486.960 2.0379e+01
1487.303 2.0818e+01
1487.646 2.0783e+01
1487.989 2.0452e+01
1488.331 2.0580e+01
1488.673 2.0526e+01
1489.017 2.0748e+01
1489.359 2.0567e+01
1489.702 2.1877e+01
1490.045 2.0155e+01
1490.389 2.0802e+01
1490.732 2.0402e+01
1491.075 2.0563e+01
1491.418 2.0616e+01
1491.762 2.0673e+01
1492.106 2.0672e+01
1492.449 2.0623e+01
1492.793 2.0573e+01
1493.136 2.0716e+01
1493.480 2.0572e+01
1493.824 2.0659e+01
1494.168 2.0485e+01
1494.512 2.0575e+01
1494.856 2.0807e+01
1495.201 2.0822e+01
1495.545 2.0694e+01
1495.889 2.0962e+01
1496.234 2.0628e+01
1496.578 2.0557e+01
1496.923 2.0607e+01
1497.268 2.0774e+01
1497.613 2.1096e+01
1497.957 2.0450e+01
1498.302 2.0705e+01
1498.647 2.0650e+01
1498.992 2.0680e+01
1499.338 2.0646e+01
1499.683 2.0954e+01
1500.029 2.0660e+01
1500.374 2.0648e+01
1500.720 2.0809e+01
1501.065 2.0491e+01
1501.410 2.0588e+01
1501.756 2.0677e+01
1502.102 2.0653e+01
1502.449 2.0624e+01
1502.794 2.0718e+01
1503.141 1.9825e+01
1503.486 2.0579e+01
1503.832 2.0445e+01
1504.179 2.0488e+01
1504.525 2.0571e+01
1504.872 2.0636e+01
1505.218 2.0344e+01
1505.565 2.0884e+01
1505.912 2.0623e+01
1506.258 2.0577e+01
1506.605 2.0589e+01
1506.952 2.0529e+01
1507.300 2.0632e+01
1507.646 2.0440e+01
1507.994 2.0722e+01
1508.341 2.0525e+01
1508.688 2.0442e+01
1509.036 2.0490e+01
1509.383 2.0776e+01
1509.731 2.0932e+01
1510.078 2.0628e+01
1510.427 2.0623e+01
1510.774 2.0629e+01
1511.122 2.0722e+01
1511.470 2.0504e+01
1511.818 2.0400e+01
1512.166 2.0515e+01
1512.514 2.0404e+01
1512.863 2.0755e+01
1513.211 2.0693e+01
1513.559 2.0674e+01
1513.908 2.0472e+01
1514.256 2.0533e+01
1514.606 2.0733e+01
1514.954 2.0767e+01
1515.303 2.0707e+01
1515.652 2.0497e+01
1516.001 2.0626e+01
1516.350 2.0500e+01
1516.699 2.0596e+01
1517.049 2.1255e+01
1517.398 2.0552e+01
1517.748 2.0364e+01
1518.097 2.0362e+01
1518.446 2.0574e+01
