300.000 2.8000e+01
590.210 2.6567e+01
590.346 2.8546e+01
590.482 2.4699e+01
590.618 2.5635e+01
590.754 2.4587e+01
590.890 3.1703e+01
591.026 2.6374e+01
591.162 2.5106e+01
591.298 2.6135e+01
591.435 2.5114e+01
591.571 2.5900e+01
591.707 2.6443e+01
591.843 2.6286e+01
591.980 2.6088e+01
592.116 2.6205e+01
592.252 2.6600e+01
592.389 2.5630e+01
592.525 2.5498e+01
592.662 2.6861e+01
592.798 2.6749e+01
592.935 2.5332e+01
593.071 2.5478e+01
593.208 2.5667e+01
593.344 2.6860e+01
593.481 2.6214e+01
593.618 2.6034e+01
593.754 2.6581e+01
593.891 2.5673e+01
594.028 2.6909e+01
594.164 2.5917e+01
594.302 2.5410e+01
594.438 2.5949e+01
594.575 2.7350e+01
594.712 2.5874e+01
594.849 2.6390e+01
594.986 2.5645e+01
595.123 2.5857e+01
595.260 2.6388e+01
595.397 2.5801e+01
595.534 2.5464e+01
595.671 2.6350e+01
595.809 2.6720e+01
595.946 3.2798e+01
596.083 2.8566e+01
596.220 2.5791e+01
596.358 2.5343e+01
596.495 2.5460e+01
596.632 2.5291e+01
596.770 2.5517e+01
596.907 2.6361e+01
597.044 2.7256e+01
597.182 2.6482e+01
597.320 2.6370e+01
597.457 2.7070e+01
597.595 2.7249e+01
597.732 2.6849e+01
597.870 2.5340e+01
598.008 2.6268e+01
598.145 2.6660e+01
598.283 2.6059e+01
598.421 2.6539e+01
598.559 2.7239e+01
598.697 2.6243e+01
598.834 2.5707e+01
598.972 2.5539e+01
599.110 2.5582e+01
599.248 2.6353e+01
599.386 2.6151e+01
599.524 2.5390e+01
599.662 2.5951e+01
599.800 2.6906e+01
599.939 2.6463e+01
600.077 2.6468e+01
600.215 2.7704e+01
600.353 2.7208e+01
600.491 2.5673e+01
600.630 2.7223e+01
600.768 2.6348e+01
600.906 2.6266e+01
601.045 2.6771e+01
601.183 2.6167e+01
601.322 2.5550e+01
601.460 2.6360e+01
601.599 2.6197e+01
601.737 2.5460e+01
601.876 2.5433e+01
602.014 2.6141e+01
602.153 2.6663e+01
602.292 2.8195e+01
602.430 2.6214e+01
602.569 2.6482e+01
602.708 2.6691e+01
602.847 2.5957e+01
602.985 2.6349e+01
603.124 2.6379e+01
603.263 2.5744e+01
603.402 2.5759e+01
603.541 2.6064e+01
603.680 2.6109e+01
603.819 2.6299e+01
603.958 2.8481e+01
604.097 2.6181e+01
604.236 2.5899e+01
604.375 2.6057e+01
604.515 2.6358e+01
604.654 2.7943e+01
604.793 2.5605e+01
604.932 2.6501e+01
605.071 2.7234e+01
605.211 2.5994e+01
605.350 2.5786e+01
605.490 2.6858e+01
605.629 2.6228e+01
605.769 2.6409e+01
605.908 2.6182e+01
606.048 2.5707e+01
606.187 2.5798e+01
606.327 2.6662e+01
606.467 2.5344e+01
606.606 2.5767e+01
606.746 2.5860e+01
606.885 2.5775e+01
607.025 2.6569e+01
607.165 2.7140e+01
607.305 2.5883e+01
607.445 2.6242e+01
607.585 2.6143e+01
607.725 2.6371e+01
607.864 2.6995e+01
608.004 2.5662e+01
608.144 2.6725e+01
608.284 2.6829e+01
608.425 2.5846e+01
608.565 2.5680e+01
608.705 2.6094e+01
608.845 2.6183e+01
608.985 2.6987e+01
609.126 2.6458e+01
609.266 2.6104e+01
609.406 2.6313e+01
609.546 2.6974e+01
609.687 2.6927e+01
609.827 2.5984e+01
609.967 2.6539e+01
610.108 2.7014e+01
610.248 2.6343e+01
610.389 2.6306e+01
610.530 2.7442e+01
610.670 2.5356e+01
610.811 2.6266e+01
610.952 2.6091e+01
611.092 2.6036e+01
611.233 2.7585e+01
611.374 2.5615e+01
611.514 2.6659e+01
611.655 2.6397e+01
611.796 2.5705e+01
611.937 2.6648e+01
612.078 2.8073e+01
612.219 2.5332e+01
612.360 2.7862e+01
612.501 2.6123e+01
612.642 2.6253e+01
612.783 2.7470e+01
612.924 2.6148e+01
613.065 2.5622e+01
613.206 2.6079e+01
613.348 2.6406e+01
613.489 2.6956e+01
613.630 2.6690e+01
613.772 2.6067e+01
613.913 2.6213e+01
614.054 2.5676e+01
614.196 2.7593e+01
614.337 2.5905e+01
614.479 2.5585e+01
614.620 2.7360e+01
614.762 2.5732e+01
614.903 2.6807e+01
615.045 2.7150e+01
615.186 2.6109e+01
615.328 2.6044e+01
615.470 2.6493e+01
615.612 2.6009e+01
615.753 2.9049e+01
615.895 2.6121e+01
616.037 2.5670e+01
616.179 2.5931e+01
616.321 2.6096e+01
616.463 2.6037e+01
616.605 2.6344e+01
616.747 2.6167e+01
616.889 2.6138e+01
617.031 2.6083e+01
617.173 2.5855e+01
617.315 2.5918e+01
617.457 2.6472e+01
617.599 2.6266e+01
617.741 2.5992e+01
617.884 2.6003e+01
618.026 2.6132e+01
618.168 2.6122e+01
618.311 2.6291e+01
618.453 2.6777e+01
618.596 2.6543e+01
618.738 2.5974e+01
618.881 2.5923e+01
619.023 2.6633e+01
619.165 2.5928e+01
619.308 2.6095e+01
619.451 2.6170e+01
619.593 2.6041e+01
619.736 2.6123e+01
619.879 2.6281e+01
620.022 2.6335e+01
620.164 2.6672e+01
620.307 2.6272e+01
620.450 2.6205e+01
620.593 2.6507e+01
620.736 2.5892e+01
620.879 2.6465e+01
621.022 2.6030e+01
621.164 2.6446e+01
621.308 2.6252e+01
621.451 2.5612e+01
621.594 2.6875e+01
621.737 2.6017e+01
621.880 2.6297e+01
622.023 2.6009e+01
622.167 2.5776e+01
622.310 2.6016e+01
622.453 2.5827e+01
622.597 2.6192e+01
622.740 2.5596e+01
622.884 2.6133e+01
623.027 2.7067e+01
623.170 2.6022e+01
623.314 2.6186e+01
623.457 2.6509e+01
623.601 2.6008e+01
623.745 2.5978e+01
623.888 2.6375e+01
624.032 2.6369e+01
624.176 2.5952e+01
624.319 2.7006e+01
624.463 2.6229e+01
624.607 2.6227e+01
624.751 2.6464e+01
624.895 2.6052e+01
625.039 2.6055e+01
625.183 2.6292e+01
625.326 2.6791e+01
625.470 2.6621e+01
625.615 2.6525e+01
625.758 2.6783e+01
625.903 2.6315e+01
626.047 2.6196e+01
626.191 2.5701e+01
626.335 2.5771e+01
626.479 2.6170e+01
626.624 2.5958e+01
626.768 2.5539e+01
626.912 2.6687e+01
627.057 2.6610e+01
627.201 2.6200e+01
627.345 2.6088e+01
627.490 2.6039e+01
627.635 2.6202e+01
627.779 2.6175e+01
627.924 2.6175e+01
628.068 2.5893e+01
628.213 2.5893e+01
628.357 2.6209e+01
628.502 2.5932e+01
628.647 2.6291e+01
628.792 2.6006e+01
628.937 2.5891e+01
629.081 2.5968e+01
629.226 2.6042e+01
629.371 2.6239e+01
629.516 2.5967e+01
629.661 2.6154e+01
629.806 2.6210e+01
629.951 2.6026e+01
630.096 2.5884e+01
630.241 2.5772e+01
630.386 2.5796e+01
630.531 2.5849e+01
630.677 2.6224e+01
630.822 2.6264e+01
630.967 2.5914e+01
631.112 2.6363e+01
631.258 2.6636e+01
631.403 2.9382e+01
631.548 2.6334e+01
631.694 2.5586e+01
631.839 2.6054e+01
631.985 2.6069e+01
632.130 2.6449e+01
632.276 2.5538e+01
632.422 2.5581e+01
632.567 2.5892e+01
632.713 2.5665e+01
632.859 2.5855e+01
633.005 2.5594e+01
633.150 2.6076e+01
633.296 2.6188e+01
633.442 2.6121e+01
633.588 2.6381e+01
633.734 2.5943e+01
633.879 2.6450e+01
634.026 2.6471e+01
634.172 2.6285e+01
634.318 2.5964e+01
634.464 2.5853e+01
634.610 2.6651e+01
634.756 2.5922e+01
634.902 2.5979e+01
635.048 2.6455e+01
635.194 2.6397e+01
635.341 2.6066e+01
635.487 2.6341e+01
635.634 2.5680e+01
635.780 2.6029e+01
635.926 2.6538e+01
636.073 2.6278e+01
636.219 2.5989e+01
636.366 2.6061e+01
636.512 2.5679e+01
636.659 2.6259e+01
636.805 2.6407e+01
636.952 2.5964e+01
637.099 2.6084e+01
637.245 2.6704e+01
637.392 2.6017e+01
637.539 2.6176e+01
637.686 2.6035e+01
637.833 2.6002e+01
637.979 2.6528e+01
638.127 2.6487e+01
638.273 2.8402e+01
638.421 2.6169e+01
638.567 2.6058e+01
638.715 2.6093e+01
638.862 2.5627e+01
639.009 2.6138e+01
639.156 2.6168e+01
639.303 2.6087e+01
639.450 2.6151e+01
639.597 2.6012e+01
639.745 2.5714e+01
639.892 2.5779e+01
640.039 2.6142e+01
640.187 2.5760e+01
640.334 2.5782e+01
640.482 2.6190e+01
640.629 2.6184e+01
640.777 2.5878e+01
640.924 2.6343e+01
641.072 2.6000e+01
641.220 2.5828e+01
641.367 2.6005e+01
641.515 2.6136e+01
641.663 2.6008e+01
641.811 2.6141e+01
641.958 2.5921e+01
642.106 2.6369e+01
642.254 2.6567e+01
642.402 2.6018e+01
642.550 2.6830e+01
642.698 2.5847e+01
642.846 2.6493e+01
642.994 2.6377e+01
643.142 2.5970e+01
643.290 2.6088e+01
643.438 2.5566e+01
643.586 2.6166e+01
643.734 2.5858e+01
643.883 2.6092e+01
644.031 2.6348e+01
644.179 2.5759e+01
644.328 2.5952e+01
644.476 2.6361e+01
644.625 2.6311e+01
644.773 2.5931e+01
644.922 2.6011e+01
645.070 2.6509e+01
645.219 2.6003e+01
645.367 2.6303e+01
645.516 2.5992e+01
645.664 2.5929e+01
645.813 2.6073e+01
645.962 2.6039e+01
646.110 2.6020e+01
646.259 2.5814e+01
646.408 2.6039e+01
646.557 2.6380e+01
646.706 2.6314e+01
646.855 2.6172e+01
647.004 2.6549e+01
647.153 2.6147e+01
647.302 2.6259e+01
647.451 2.6033e+01
647.600 2.6080e+01
647.749 2.6539e+01
647.898 2.5793e+01
648.047 2.6422e+01
648.197 2.5789e+01
648.346 2.5744e+01
648.495 2.6112e+01
648.644 2.6042e+01
648.794 2.6118e+01
648.943 2.6091e+01
649.093 2.6491e+01
649.242 2.6438e+01
649.392 2.6147e+01
649.541 2.6211e+01
649.691 2.6306e+01
649.841 2.6075e+01
649.990 2.6187e+01
650.140 2.6202e+01
650.289 2.6181e+01
650.439 2.6159e+01
650.589 2.5808e+01
650.739 2.6112e+01
650.889 2.6383e+01
651.039 2.6545e+01
651.189 2.6334e+01
651.339 2.6037e+01
651.489 2.6326e+01
651.639 2.6342e+01
651.788 2.5964e+01
651.939 2.6216e+01
652.089 2.6612e+01
652.239 2.6262e+01
652.389 2.6301e+01
652.540 2.5999e+01
652.690 2.6215e+01
652.840 2.6394e+01
652.990 2.6420e+01
653.141 2.6188e+01
653.291 2.5560e+01
653.442 2.5987e+01
653.592 2.6235e+01
653.743 2.6066e+01
653.893 2.6078e+01
654.044 2.6299e+01
654.194 2.6044e+01
654.345 2.5963e+01
654.496 2.5953e+01
654.646 2.5950e+01
654.797 2.5999e+01
654.948 2.6051e+01
655.099 2.5940e+01
655.249 2.5988e+01
655.401 2.6030e+01
655.551 2.5835e+01
655.703 2.5940e+01
655.853 2.6393e+01
656.005 2.5883e+01
656.156 2.6340e+01
656.306 2.6139e+01
656.458 2.6076e+01
656.609 2.6129e+01
656.760 2.5928e+01
656.911 2.5989e+01
657.063 2.6406e+01
657.214 2.6537e+01
657.365 2.6325e+01
657.517 2.6260e+01
657.668 2.6381e+01
657.820 2.6182e+01
657.971 2.5956e+01
658.123 2.6272e+01
658.274 2.6204e+01
658.426 2.6106e+01
658.577 2.6319e+01
658.729 2.5850e+01
658.881 2.5981e+01
659.032 2.6269e+01
659.184 2.6246e+01
659.336 2.6247e+01
659.488 2.6450e+01
659.640 2.6211e+01
659.792 2.6423e+01
659.944 2.6057e+01
660.095 2.6072e+01
660.248 2.6181e+01
660.400 2.6126e+01
660.551 2.7001e+01
660.704 2.6143e+01
660.856 2.5889e+01
661.008 2.5913e+01
661.160 2.5986e+01
661.313 2.6091e+01
661.465 2.6192e+01
661.617 2.6133e+01
661.770 2.6645e+01
661.922 2.6313e+01
662.074 2.6015e+01
662.227 2.6376e+01
662.380 2.6092e+01
662.532 2.5971e+01
662.684 2.6590e+01
662.837 2.6519e+01
662.990 2.5992e+01
663.142 2.6007e+01
663.295 2.6311e+01
663.448 2.6171e+01
663.601 2.6021e+01
663.753 2.5947e+01
663.906 2.5997e+01
664.059 2.6178e+01
664.212 2.6269e+01
664.365 2.6224e+01
664.518 2.6022e+01
664.671 2.5776e+01
664.824 2.5792e+01
664.977 2.6297e+01
665.130 2.7114e+01
665.284 2.6856e+01
665.437 2.6030e+01
665.590 2.6177e+01
665.743 2.6711e+01
665.896 2.6274e+01
666.050 2.5997e+01
666.203 2.6206e+01
666.357 2.6523e+01
666.510 2.6402e+01
666.664 2.5943e+01
666.817 2.5730e+01
666.971 2.6062e+01
667.124 2.5894e+01
667.278 2.6358e+01
667.432 2.6813e+01
667.585 2.6513e+01
667.739 2.6437e+01
667.893 2.6939e+01
668.047 2.5975e+01
668.201 2.6083e+01
668.354 2.6045e+01
668.508 2.6019e+01
668.662 2.6458e+01
668.816 2.6121e+01
668.970 2.6548e+01
669.124 2.6301e+01
669.278 2.6235e+01
669.432 2.6384e+01
669.587 2.6185e+01
669.741 2.5897e+01
669.895 2.5705e+01
670.049 2.5483e+01
670.204 2.5504e+01
670.358 2.5525e+01
670.512 2.4700e+01
670.667 2.3699e+01
670.821 2.3357e+01
670.976 2.3364e+01
671.130 2.3278e+01
671.285 2.3104e+01
671.439 2.3184e+01
671.594 2.3956e+01
671.749 2.5238e+01
671.903 2.6502e+01
672.058 2.6296e+01
672.213 2.5791e+01
672.368 2.5710e+01
672.522 2.6342e+01
672.677 2.6060e+01
672.832 2.6249e+01
672.987 2.6209e+01
673.142 2.6018e+01
673.297 2.6203e+01
673.452 2.6406e+01
673.607 2.6594e+01
673.762 2.6135e+01
673.918 2.6258e+01
674.073 2.6787e+01
674.228 2.6520e+01
674.383 2.6171e+01
674.539 2.6340e+01
674.694 2.6299e+01
674.849 2.6014e+01
675.005 2.5763e+01
675.160 2.5624e+01
675.316 2.5578e+01
675.471 2.5808e+01
675.627 2.6426e+01
675.782 2.6398e+01
675.938 2.6258e+01
676.094 2.6567e+01
676.249 2.5919e+01
676.405 2.6242e+01
676.561 2.6098e+01
676.717 2.6113e+01
676.872 2.6431e+01
677.028 2.6479e+01
677.184 2.6307e+01
677.340 2.6213e+01
677.496 2.6299e+01
677.652 2.6088e+01
677.808 2.5982e+01
677.964 2.6225e+01
678.120 2.6100e+01
678.277 2.6378e+01
678.433 2.6101e+01
678.589 2.5854e+01
678.745 2.5557e+01
678.902 2.5263e+01
679.058 2.5549e+01
679.214 2.6321e+01
679.371 2.6270e+01
679.527 2.6468e+01
679.684 2.6521e+01
679.840 2.5872e+01
679.997 2.6132e+01
680.153 2.6522e+01
680.310 2.6298e+01
680.467 2.6121e+01
680.623 2.6039e+01
680.780 2.5903e+01
680.937 2.6005e+01
681.094 2.6288e+01
681.250 2.6310e+01
681.407 2.6186e+01
681.564 2.6165e+01
681.721 2.6317e+01
681.878 2.6407e+01
682.035 2.5891e+01
682.192 2.6221e+01
682.349 2.6391e+01
682.507 2.6179e+01
682.664 2.6433e+01
682.821 2.6750e+01
682.978 2.5857e+01
683.135 2.6316e+01
683.293 2.6466e+01
683.450 2.5819e+01
683.608 2.5435e+01
683.765 2.5112e+01
683.922 2.5283e+01
684.080 2.5693e+01
684.237 2.6138e+01
684.395 2.6230e+01
684.553 2.6197e+01
684.710 2.6954e+01
684.868 2.6110e+01
685.025 2.6196e+01
685.183 2.6179e+01
685.341 2.6091e+01
685.499 2.6520e+01
685.657 2.6483e+01
685.815 2.6058e+01
685.973 2.6029e+01
686.130 2.6360e+01
686.289 2.6622e+01
686.447 2.6313e+01
686.605 2.6070e+01
686.763 2.6294e+01
686.921 2.6159e+01
687.079 2.6153e+01
687.237 2.6160e+01
687.396 2.5905e+01
687.554 2.5880e+01
687.712 2.5765e+01
687.871 2.6075e+01
688.029 2.6408e+01
688.188 2.6231e+01
688.346 2.6045e+01
688.505 2.6393e+01
688.663 2.6216e+01
688.822 2.6072e+01
688.980 2.6085e+01
689.139 2.6340e+01
689.298 2.6748e+01
689.456 2.6563e+01
689.615 2.7225e+01
689.774 2.6269e+01
689.933 2.6093e+01
690.092 2.6208e+01
690.251 2.5521e+01
690.410 2.4870e+01
690.568 2.4799e+01
690.728 2.5223e+01
690.886 2.5928e+01
691.046 2.6361e+01
691.205 2.6287e+01
691.364 2.6313e+01
691.523 2.6285e+01
691.682 2.6101e+01
691.842 2.6186e+01
692.001 2.6398e+01
692.161 2.6209e+01
692.320 2.5932e+01
692.479 2.6047e+01
692.639 2.6383e+01
692.798 2.6167e+01
692.958 2.5890e+01
693.117 2.6038e+01
693.277 2.6169e+01
693.437 2.6753e+01
693.596 2.6332e+01
693.756 2.5948e+01
693.916 2.6017e+01
694.076 2.6312e+01
694.235 2.6192e+01
694.395 2.5982e+01
694.555 2.6156e+01
694.715 2.6112e+01
694.875 2.5995e+01
695.035 2.6176e+01
695.195 2.6119e+01
695.355 2.6503e+01
695.516 2.5882e+01
695.676 2.6050e+01
695.836 2.6505e+01
695.996 2.5626e+01
696.156 2.4826e+01
696.317 2.3664e+01
696.477 2.3196e+01
696.637 2.3312e+01
696.798 2.3973e+01
696.958 2.5122e+01
697.119 2.6344e+01
697.279 2.6115e+01
697.440 2.6182e+01
697.600 2.6436e+01
697.761 2.6228e+01
697.922 2.5942e+01
698.083 2.6270e+01
698.243 2.6403e+01
698.404 2.6158e+01
698.565 2.6322e+01
698.726 2.6476e+01
698.887 2.6123e+01
699.047 2.6539e+01
699.209 2.6294e+01
699.370 2.6381e+01
699.531 2.6339e+01
699.692 2.5707e+01
699.853 2.4848e+01
700.014 2.4139e+01
700.175 2.3967e+01
700.337 2.4383e+01
700.498 2.5275e+01
700.659 2.6110e+01
700.820 2.6041e+01
700.982 2.6189e+01
701.143 2.6133e+01
701.305 2.6196e+01
701.466 2.6241e+01
701.628 2.6177e+01
701.790 2.6195e+01
701.951 2.6471e+01
702.112 2.6355e+01
702.274 2.6682e+01
702.436 2.6493e+01
702.598 2.6056e+01
702.760 2.6106e+01
702.922 2.6408e+01
703.083 2.6328e+01
703.245 2.6053e+01
703.407 2.6082e+01
703.569 2.6371e+01
703.731 2.6386e+01
703.893 2.6019e+01
704.055 2.6163e+01
704.217 2.6161e+01
704.379 2.6217e+01
704.542 2.6208e+01
704.704 2.5959e+01
704.866 2.6101e+01
705.029 2.6793e+01
705.191 2.6410e+01
705.353 2.6205e+01
705.516 2.6592e+01
705.678 2.6846e+01
705.841 2.6195e+01
706.003 2.6166e+01
706.166 2.6796e+01
706.329 2.6682e+01
706.491 2.6162e+01
706.654 2.6228e+01
706.817 2.6284e+01
706.979 2.6050e+01
707.142 2.6378e+01
707.305 2.6427e+01
707.468 2.6211e+01
707.631 2.6413e+01
707.794 2.6302e+01
707.957 2.6109e+01
708.120 2.6013e+01
708.283 2.6135e+01
708.446 2.6116e+01
708.609 2.5845e+01
708.772 2.6062e+01
708.936 2.6064e+01
709.099 2.6186e+01
709.262 2.6117e+01
709.426 2.6006e+01
709.589 2.6143e+01
709.752 2.6062e+01
709.916 2.5941e+01
710.079 2.6430e+01
710.243 2.6373e+01
710.406 2.6079e+01
710.570 2.6485e+01
710.733 2.6294e+01
710.897 2.6236e+01
711.061 2.5964e+01
711.225 2.6066e+01
711.388 2.6203e+01
711.552 2.5854e+01
711.716 2.6023e+01
711.880 2.6092e+01
712.044 2.6210e+01
712.208 2.6147e+01
712.372 2.6035e+01
712.536 2.6195e+01
712.700 2.6427e+01
712.864 2.6135e+01
713.028 2.6430e+01
713.193 2.6385e+01
713.357 2.6137e+01
713.521 2.6264e+01
713.685 2.5837e+01
713.849 2.5930e+01
714.014 2.5007e+01
714.178 2.4433e+01
714.343 2.4195e+01
714.507 2.4106e+01
714.672 2.4129e+01
714.837 2.4179e+01
715.001 2.4596e+01
715.166 2.5487e+01
715.330 2.6661e+01
715.495 2.6538e+01
715.660 2.6192e+01
715.825 2.6395e+01
715.990 2.6310e+01
716.154 2.6143e+01
716.320 2.6264e+01
716.484 2.6547e+01
716.650 2.6227e+01
716.814 2.6304e+01
716.980 2.6094e+01
717.145 2.6116e+01
717.310 2.6229e+01
717.475 2.6055e+01
717.640 2.6369e+01
717.806 2.6209e+01
717.971 2.6171e+01
718.136 2.6166e+01
718.301 2.6122e+01
718.467 2.6113e+01
718.632 2.6035e+01
718.798 2.6169e+01
718.964 2.6317e+01
719.129 2.6149e+01
719.295 2.6045e+01
719.460 2.6234e+01
719.626 2.5992e+01
719.792 2.5977e+01
719.957 2.5979e+01
720.123 2.6067e+01
720.289 2.6387e+01
720.455 2.6722e+01
720.621 2.6265e+01
720.787 2.6201e+01
720.953 2.6052e+01
721.119 2.6102e+01
721.285 2.6318e+01
721.451 2.6363e+01
721.617 2.6472e+01
721.783 2.6107e+01
721.950 2.6147e+01
722.116 2.6295e+01
722.282 2.6280e+01
722.448 2.6246e+01
722.615 2.6217e+01
722.781 2.5986e+01
722.947 2.6168e+01
723.114 2.6398e+01
723.281 2.6206e+01
723.447 2.5966e+01
723.614 2.6180e+01
723.780 2.6365e+01
723.947 2.5991e+01
724.114 2.6023e+01
724.281 2.6315e+01
724.447 2.6086e+01
724.614 2.6040e+01
724.781 2.5660e+01
724.948 2.5618e+01
725.115 2.5819e+01
725.282 2.6163e+01
725.449 2.6481e+01
725.616 2.6200e+01
725.783 2.6115e+01
725.950 2.5921e+01
726.117 2.6173e+01
726.285 2.6536e+01
726.452 2.6066e+01
726.619 2.6142e+01
726.786 2.5987e+01
726.953 2.5998e+01
727.121 2.6433e+01
727.288 2.6460e+01
727.456 2.5802e+01
727.623 2.6137e+01
727.791 2.6199e+01
727.959 2.6225e+01
728.126 2.6307e+01
728.294 2.6082e+01
728.462 2.5767e+01
728.630 2.6135e+01
728.797 2.5907e+01
728.965 2.6144e+01
729.133 2.6193e+01
729.301 2.5893e+01
729.469 2.5958e+01
729.637 2.6308e+01
729.805 2.6563e+01
729.973 2.6387e+01
730.141 2.6483e+01
730.309 2.6419e+01
730.477 2.5871e+01
730.646 2.6038e+01
730.814 2.6099e+01
730.982 2.5990e+01
731.150 2.5995e+01
731.319 2.6135e+01
731.487 2.6219e+01
731.656 2.6282e+01
731.824 2.6563e+01
731.993 2.6101e+01
732.161 2.5927e+01
732.330 2.6034e+01
732.499 2.5861e+01
732.667 2.5737e+01
732.836 2.6065e+01
733.005 2.6512e+01
733.173 2.6536e+01
733.342 2.6227e+01
733.511 2.6009e+01
733.680 2.5938e+01
733.849 2.6237e+01
734.018 2.5959e+01
734.187 2.6083e+01
734.356 2.6696e+01
734.525 2.6364e+01
734.694 2.6083e+01
734.864 2.6305e+01
735.033 2.6110e+01
735.202 2.5900e+01
735.372 2.5941e+01
735.541 2.6109e+01
735.710 2.6246e+01
735.880 2.6100e+01
736.049 2.6095e+01
736.219 2.6083e+01
736.388 2.6042e+01
736.558 2.6094e+01
736.727 2.6038e+01
736.897 2.6057e+01
737.067 2.6132e+01
737.237 2.6227e+01
737.406 2.6235e+01
737.576 2.6198e+01
737.746 2.6488e+01
737.916 2.6338e+01
738.086 2.5259e+01
738.255 2.4153e+01
738.426 2.3648e+01
738.596 2.3780e+01
738.766 2.4539e+01
738.936 2.5663e+01
739.106 2.6423e+01
739.276 2.6268e+01
739.446 2.6180e+01
739.617 2.6336e+01
739.787 2.6138e+01
739.958 2.6163e+01
740.128 2.6263e+01
740.298 2.6266e+01
740.469 2.6113e+01
740.639 2.6049e+01
740.810 2.6505e+01
740.980 2.6043e+01
741.151 2.6052e+01
741.322 2.6468e+01
741.492 2.6660e+01
741.663 2.6185e+01
741.834 2.5789e+01
742.005 2.5907e+01
742.176 2.6178e+01
742.347 2.6325e+01
742.518 2.6109e+01
742.688 2.5814e+01
742.860 2.6039e+01
743.031 2.6333e+01
743.202 2.6234e+01
743.373 2.6044e+01
743.544 2.6091e+01
743.715 2.6307e+01
743.886 2.6115e+01
744.058 2.6221e+01
744.229 2.6247e+01
744.401 2.6250e+01
744.572 2.6107e+01
744.744 2.5850e+01
744.915 2.6182e+01
745.087 2.6327e+01
745.258 2.6074e+01
745.430 2.6161e+01
745.602 2.6333e+01
745.773 2.5979e+01
745.945 2.6181e+01
746.117 2.6161e+01
746.289 2.6106e+01
746.460 2.6111e+01
746.632 2.6087e+01
746.804 2.6039e+01
746.976 2.6210e+01
747.148 2.6150e+01
747.320 2.6124e+01
747.493 2.6230e+01
747.665 2.6219e+01
747.837 2.5984e+01
748.009 2.5989e+01
748.181 2.5899e+01
748.354 2.6226e+01
748.526 2.6148e+01
748.698 2.5843e+01
748.871 2.6159e+01
749.043 2.6409e+01
749.216 2.6244e+01
749.388 2.6114e+01
749.561 2.6326e+01
749.733 2.6429e+01
749.906 2.6060e+01
750.079 2.6456e+01
750.251 2.6097e+01
750.424 2.6224e+01
750.597 2.6162e+01
750.770 2.5952e+01
750.943 2.6356e+01
751.116 2.6571e+01
751.289 2.6152e+01
751.461 2.6121e+01
751.635 2.6265e+01
751.808 2.6177e+01
751.981 2.6004e+01
752.154 2.6322e+01
752.327 2.6438e+01
752.500 2.6056e+01
752.674 2.6010e+01
752.847 2.6183e+01
753.020 2.6064e+01
753.194 2.6417e+01
753.367 2.6060e+01
753.541 2.6014e+01
753.714 2.6106e+01
753.888 2.6210e+01
754.062 2.6353e+01
754.235 2.5895e+01
754.409 2.5976e+01
754.582 2.6393e+01
754.756 2.6308e+01
754.930 2.5987e+01
755.104 2.6080e+01
755.278 2.5983e+01
755.452 2.6364e+01
755.626 2.6031e+01
755.800 2.6029e+01
755.974 2.6486e+01
756.148 2.6231e+01
756.322 2.6134e+01
756.496 2.5994e+01
756.670 2.6077e+01
756.845 2.6045e+01
757.019 2.6089e+01
757.193 2.6614e+01
757.368 2.6180e+01
757.542 2.6205e+01
757.717 2.6179e+01
757.891 2.6143e+01
758.066 2.6260e+01
758.240 2.6353e+01
758.415 2.6082e+01
758.589 2.6128e+01
758.764 2.6149e+01
758.939 2.6211e+01
759.114 2.6319e+01
759.289 2.6258e+01
759.463 2.6180e+01
759.638 2.6027e+01
759.813 2.6211e+01
759.988 2.6415e+01
760.163 2.6166e+01
760.338 2.5892e+01
760.513 2.6278e+01
760.688 2.6405e+01
760.864 2.6112e+01
761.039 2.5738e+01
761.214 2.5736e+01
761.389 2.6327e+01
761.565 2.6041e+01
761.740 2.6025e+01
761.915 2.6022e+01
762.091 2.5917e+01
762.266 2.5863e+01
762.442 2.5969e+01
762.617 2.6039e+01
762.793 2.6006e+01
762.969 2.6413e+01
763.144 2.6367e+01
763.320 2.6010e+01
763.496 2.6304e+01
763.672 2.6308e+01
763.848 2.6092e+01
764.023 2.5936e+01
764.200 2.6078e+01
764.375 2.6253e+01
764.552 2.6051e+01
764.728 2.6370e+01
764.904 2.6223e+01
765.080 2.6207e+01
765.256 2.6291e+01
765.432 2.6214e+01
765.608 2.6103e+01
765.785 2.6311e+01
765.961 2.6027e+01
766.138 2.6154e+01
766.314 2.6271e+01
766.490 2.6197e+01
766.667 2.6483e+01
766.843 2.6581e+01
767.020 2.6062e+01
767.197 2.6200e+01
767.374 2.6258e+01
767.550 2.6166e+01
767.727 2.6482e+01
767.904 2.5759e+01
768.080 2.6071e+01
768.258 2.6340e+01
768.434 2.6362e+01
768.612 2.6376e+01
768.788 2.6310e+01
768.965 2.6502e+01
769.142 2.6103e+01
769.319 2.5999e+01
769.497 2.6233e+01
769.674 2.6183e+01
769.851 2.5812e+01
770.028 2.6640e+01
770.206 2.6122e+01
770.383 2.6100e+01
770.560 2.6353e+01
770.738 2.6281e+01
770.915 2.6193e+01
771.093 2.6481e+01
771.271 2.6357e+01
771.448 2.6182e+01
771.626 2.6274e+01
771.803 2.6391e+01
771.981 2.6141e+01
772.159 2.6131e+01
772.337 2.6281e+01
772.515 2.6249e+01
772.693 2.6037e+01
772.871 2.6068e+01
773.048 2.6544e+01
773.227 2.6205e+01
773.405 2.6156e+01
773.583 2.5881e+01
773.761 2.6080e+01
773.939 2.6463e+01
774.117 2.5854e+01
774.295 2.6281e+01
774.474 2.6158e+01
774.652 2.6184e+01
774.831 2.6268e+01
775.009 2.6162e+01
775.188 2.6097e+01
775.366 2.6160e+01
775.544 2.6225e+01
775.723 2.6264e+01
775.902 2.6385e+01
776.081 2.6425e+01
776.259 2.6184e+01
776.438 2.6180e+01
776.617 2.6285e+01
776.795 2.6241e+01
776.975 2.6143e+01
777.153 2.6174e+01
777.333 2.6303e+01
777.511 2.6123e+01
777.691 2.5908e+01
777.870 2.6070e+01
778.049 2.6253e+01
778.228 2.6107e+01
778.407 2.6010e+01
778.586 2.6316e+01
778.766 2.6497e+01
778.945 2.5979e+01
779.124 2.5991e+01
779.304 2.6441e+01
779.483 2.6185e+01
779.663 2.6767e+01
779.842 2.6083e+01
780.022 2.5920e+01
780.202 2.6388e+01
780.381 2.6590e+01
780.561 2.5908e+01
780.741 2.6358e+01
780.920 2.5783e+01
781.100 2.4295e+01
781.280 2.3271e+01
781.460 2.2877e+01
781.640 2.3202e+01
781.820 2.4196e+01
782.000 2.5582e+01
782.180 2.6467e+01
782.360 2.6261e+01
782.540 2.6123e+01
782.721 2.6152e+01
782.901 2.6015e+01
783.081 2.6507e+01
783.262 2.6239e+01
783.442 2.6072e+01
783.622 2.6411e+01
783.803 2.6401e+01
783.983 2.6138e+01
784.164 2.6495e+01
784.344 2.6359e+01
784.525 2.6210e+01
784.706 2.6234e+01
784.886 2.5934e+01
785.067 2.5717e+01
785.248 2.5062e+01
785.429 2.4338e+01
785.610 2.4193e+01
785.791 2.4673e+01
785.971 2.5642e+01
786.153 2.5989e+01
786.333 2.6062e+01
786.515 2.6087e+01
786.696 2.6314e+01
786.877 2.6436e+01
787.058 2.6072e+01
787.239 2.6594e+01
787.421 2.5937e+01
787.602 2.6095e+01
787.783 2.6232e+01
787.965 2.5948e+01
788.146 2.6206e+01
788.328 2.6056e+01
788.509 2.6027e+01
788.691 2.6363e+01
788.872 2.6504e+01
789.054 2.6260e+01
789.236 2.6244e+01
789.418 2.6083e+01
789.599 2.6066e+01
789.781 2.6131e+01
789.963 2.6123e+01
790.145 2.6044e+01
790.327 2.6051e+01
790.509 2.6143e+01
790.691 2.6041e+01
790.873 2.5915e+01
791.055 2.5982e+01
791.237 2.6256e+01
791.419 2.6346e+01
791.602 2.5960e+01
791.784 2.6204e+01
791.967 2.6301e+01
792.149 2.6230e+01
792.331 2.6071e+01
792.514 2.5768e+01
792.696 2.5960e+01
792.879 2.6075e+01
793.061 2.5961e+01
793.244 2.6156e+01
793.427 2.6496e+01
793.609 2.6101e+01
793.792 2.6421e+01
793.975 2.6187e+01
794.158 2.6220e+01
794.341 2.6453e+01
794.524 2.6421e+01
794.707 2.6168e+01
794.889 2.6086e+01
795.073 2.6319e+01
795.256 2.6172e+01
795.439 2.6214e+01
795.622 2.6489e+01
795.805 2.6180e+01
795.988 2.6344e+01
796.172 2.6157e+01
796.355 2.5993e+01
796.538 2.6150e+01
796.722 2.6405e+01
796.905 2.6126e+01
797.089 2.5955e+01
797.272 2.6498e+01
797.456 2.6143e+01
797.640 2.6052e+01
797.823 2.6390e+01
798.007 2.5875e+01
798.191 2.6087e+01
798.375 2.6657e+01
798.559 2.6350e+01
798.742 2.6113e+01
798.926 2.6287e+01
799.110 2.6228e+01
799.294 2.6126e+01
799.478 2.6182e+01
799.663 2.6050e+01
799.847 2.6231e+01
800.031 2.6546e+01
800.215 2.6016e+01
800.399 2.6201e+01
800.584 2.6300e+01
800.768 2.6313e+01
800.953 2.6158e+01
801.137 2.6010e+01
801.322 2.6131e+01
801.506 2.6119e+01
801.690 2.5992e+01
801.875 2.5933e+01
802.060 2.6149e+01
802.245 2.6357e+01
802.429 2.5944e+01
802.614 2.5848e+01
802.799 2.6145e+01
802.984 2.6167e+01
803.169 2.6119e+01
803.354 2.6215e+01
803.539 2.6127e+01
803.724 2.6133e+01
803.909 2.6547e+01
804.094 2.6838e+01
804.279 2.6368e+01
804.464 2.6041e+01
804.649 2.6106e+01
804.835 2.5386e+01
805.020 2.5261e+01
805.206 2.5291e+01
805.391 2.5671e+01
805.576 2.6363e+01
805.762 2.5991e+01
805.947 2.6152e+01
806.133 2.5987e+01
806.319 2.6294e+01
806.505 2.6302e+01
806.690 2.6006e+01
806.876 2.6552e+01
807.062 2.6150e+01
807.247 2.6175e+01
807.434 2.6031e+01
807.619 2.5980e+01
807.806 2.6170e+01
807.992 2.6219e+01
808.177 2.6335e+01
808.364 2.6095e+01
808.550 2.5977e+01
808.736 2.6134e+01
808.922 2.6307e+01
809.109 2.6111e+01
809.295 2.6221e+01
809.481 2.6407e+01
809.668 2.5997e+01
809.854 2.6017e+01
810.041 2.6490e+01
810.227 2.6067e+01
810.414 2.6135e+01
810.600 2.6057e+01
810.787 2.6351e+01
810.974 2.6225e+01
811.160 2.5803e+01
811.347 2.6023e+01
811.534 2.6067e+01
811.721 2.6291e+01
811.908 2.6253e+01
812.095 2.6132e+01
812.282 2.6125e+01
812.469 2.6025e+01
812.656 2.5899e+01
812.843 2.6197e+01
813.031 2.6201e+01
813.218 2.6095e+01
813.405 2.6123e+01
813.592 2.6075e+01
813.779 2.6442e+01
813.967 2.6004e+01
814.154 2.6129e+01
814.342 2.6543e+01
814.529 2.6431e+01
814.717 2.6195e+01
814.905 2.6120e+01
815.092 2.6091e+01
815.280 2.5938e+01
815.468 2.6121e+01
815.656 2.6583e+01
815.843 2.6167e+01
816.031 2.6052e+01
816.219 2.6354e+01
816.407 2.6347e+01
816.595 2.6347e+01
816.783 2.6590e+01
816.971 2.6372e+01
817.159 2.6052e+01
817.348 2.6354e+01
817.536 2.6183e+01
817.724 2.6248e+01
817.912 2.6792e+01
818.101 2.6336e+01
818.289 2.6593e+01
818.477 2.6112e+01
818.666 2.6062e+01
818.855 2.6206e+01
819.043 2.6229e+01
819.232 2.6368e+01
819.420 2.6157e+01
819.609 2.6146e+01
819.798 2.6127e+01
819.987 2.6026e+01
820.175 2.6026e+01
820.364 2.6276e+01
820.553 2.6306e+01
820.742 2.6227e+01
820.931 2.6167e+01
821.120 2.6075e+01
821.310 2.5955e+01
821.499 2.5922e+01
821.688 2.6045e+01
821.877 2.6118e+01
822.066 2.6303e+01
822.256 2.6287e+01
822.445 2.6106e+01
822.634 2.6190e+01
822.824 2.5987e+01
823.013 2.6057e+01
823.203 2.6249e+01
823.392 2.6160e+01
823.582 2.6220e+01
823.771 2.7049e+01
823.961 2.5661e+01
824.151 2.5840e+01
824.341 2.6327e+01
824.531 2.6460e+01
824.720 2.6334e+01
824.910 2.6176e+01
825.100 2.6046e+01
825.291 2.6510e+01
825.480 2.6332e+01
825.670 2.5960e+01
825.861 2.6087e+01
826.051 2.6607e+01
826.241 2.6286e+01
826.431 2.6087e+01
826.622 2.6417e+01
826.812 2.6442e+01
827.002 2.6012e+01
827.193 2.6095e+01
827.383 2.6124e+01
827.574 2.6559e+01
827.764 2.6414e+01
827.955 2.6222e+01
828.146 2.6349e+01
828.336 2.6153e+01
828.527 2.5950e+01
828.718 2.6259e+01
828.909 2.6167e+01
829.100 2.6067e+01
829.291 2.6369e+01
829.482 2.6420e+01
829.673 2.6075e+01
829.864 2.5937e+01
830.055 2.5914e+01
830.246 2.6116e+01
830.437 2.6397e+01
830.629 2.6139e+01
830.820 2.6083e+01
831.011 2.6084e+01
831.202 2.5996e+01
831.394 2.5865e+01
831.585 2.5881e+01
831.777 2.6239e+01
831.968 2.6590e+01
832.160 2.6009e+01
832.352 2.5888e+01
832.543 2.6072e+01
832.735 2.6125e+01
832.927 2.6017e+01
833.118 2.5941e+01
833.310 2.5854e+01
833.502 2.6098e+01
833.694 2.6439e+01
833.886 2.6378e+01
834.078 2.6104e+01
834.270 2.5709e+01
834.462 2.5845e+01
834.655 2.6143e+01
834.847 2.6246e+01
835.039 2.6123e+01
835.231 2.6066e+01
835.424 2.6365e+01
835.616 2.6470e+01
835.808 2.6215e+01
836.001 2.6083e+01
836.193 2.6154e+01
836.386 2.6116e+01
836.579 2.6140e+01
836.771 2.6187e+01
836.964 2.6129e+01
837.157 2.6171e+01
837.350 2.6431e+01
837.542 2.6525e+01
837.735 2.6148e+01
837.928 2.6195e+01
838.121 2.6002e+01
838.314 2.5915e+01
838.507 2.5900e+01
838.700 2.5520e+01
838.893 2.5822e+01
839.087 2.6007e+01
839.280 2.6196e+01
839.473 2.6220e+01
839.667 2.5997e+01
839.860 2.6009e+01
840.053 2.6349e+01
840.247 2.6436e+01
840.440 2.6330e+01
840.634 2.6110e+01
840.827 2.6043e+01
841.021 2.6293e+01
841.214 2.5742e+01
841.408 2.5996e+01
841.602 2.6109e+01
841.796 2.6000e+01
841.990 2.6244e+01
842.183 2.6709e+01
842.378 2.6011e+01
842.571 2.5778e+01
842.766 2.6182e+01
842.960 2.6381e+01
843.154 2.5806e+01
843.348 2.5601e+01
843.542 2.5755e+01
843.736 2.5496e+01
843.931 2.5710e+01
844.125 2.6309e+01
844.319 2.6233e+01
844.514 2.5769e+01
844.708 2.5908e+01
844.903 2.6092e+01
845.097 2.6108e+01
845.292 2.6360e+01
845.487 2.6531e+01
845.681 2.5825e+01
845.876 2.6239e+01
846.071 2.6459e+01
846.266 2.6357e+01
846.461 2.6094e+01
846.655 2.5931e+01
846.851 2.6146e+01
847.045 2.6198e+01
847.241 2.6190e+01
847.436 2.6067e+01
847.631 2.5974e+01
847.826 2.5918e+01
848.021 2.5776e+01
848.217 2.5822e+01
848.412 2.5712e+01
848.607 2.5788e+01
848.803 2.5980e+01
848.998 2.5991e+01
849.194 2.5964e+01
849.389 2.6555e+01
849.585 2.6691e+01
849.780 2.6181e+01
849.976 2.5881e+01
850.172 2.5958e+01
850.368 2.6196e+01
850.564 2.5984e+01
850.759 2.6321e+01
850.955 2.6252e+01
851.151 2.6212e+01
851.347 2.6513e+01
851.543 2.6169e+01
851.740 2.6532e+01
851.936 2.6400e+01
852.132 2.6202e+01
852.328 2.6088e+01
852.524 2.6037e+01
852.721 2.6159e+01
852.917 2.6106e+01
853.114 2.6089e+01
853.310 2.5765e+01
853.506 2.5610e+01
853.703 2.5779e+01
853.899 2.5897e+01
854.096 2.6248e+01
854.293 2.6479e+01
854.490 2.6133e+01
854.686 2.5990e+01
854.883 2.6135e+01
855.080 2.5941e+01
855.277 2.6272e+01
855.474 2.6303e+01
855.671 2.6065e+01
855.868 2.5826e+01
856.065 2.5832e+01
856.262 2.6282e+01
856.459 2.5992e+01
856.656 2.6134e+01
856.854 2.6215e+01
857.051 2.6212e+01
857.249 2.6319e+01
857.446 2.6303e+01
857.643 2.6552e+01
857.841 2.5970e+01
858.038 2.6093e+01
858.236 2.6344e+01
858.434 2.6099e+01
858.632 2.6296e+01
858.829 2.5764e+01
859.027 2.6181e+01
859.225 2.6313e+01
859.422 2.6072e+01
859.621 2.6064e+01
859.818 2.5948e+01
860.017 2.6217e+01
860.215 2.6310e+01
860.413 2.6369e+01
860.611 2.6204e+01
860.809 2.5953e+01
861.007 2.6102e+01
861.205 2.6122e+01
861.404 2.5861e+01
861.602 2.6192e+01
861.801 2.6303e+01
861.999 2.5917e+01
862.197 2.6590e+01
862.396 2.6024e+01
862.595 2.5841e+01
862.794 2.6133e+01
862.992 2.6302e+01
863.191 2.5999e+01
863.390 2.5929e+01
863.588 2.5871e+01
863.787 2.6290e+01
863.986 2.6278e+01
864.185 2.6115e+01
864.384 2.6338e+01
864.583 2.6369e+01
864.782 2.6167e+01
864.981 2.5949e+01
865.181 2.6307e+01
865.380 2.6398e+01
865.579 2.5916e+01
865.778 2.6203e+01
865.978 2.6105e+01
866.177 2.6359e+01
866.377 2.6358e+01
866.576 2.6148e+01
866.776 2.5962e+01
866.976 2.5712e+01
867.175 2.6107e+01
867.375 2.5940e+01
867.574 2.6092e+01
867.774 2.6209e+01
867.974 2.5946e+01
868.174 2.6280e+01
868.374 2.6031e+01
868.574 2.6167e+01
868.774 2.6333e+01
868.974 2.6284e+01
869.174 2.6181e+01
869.374 2.6170e+01
869.574 2.6350e+01
869.775 2.6137e+01
869.975 2.6227e+01
870.176 2.6289e+01
870.376 2.6113e+01
870.576 2.6381e+01
870.777 2.6084e+01
870.977 2.6426e+01
871.178 2.6185e+01
871.378 2.5936e+01
871.579 2.6113e+01
871.780 2.5999e+01
871.980 2.6618e+01
872.181 2.5999e+01
872.382 2.6189e+01
872.583 2.6365e+01
872.784 2.5843e+01
872.985 2.6388e+01
873.186 2.6299e+01
873.387 2.6169e+01
873.588 2.6104e+01
873.789 2.5918e+01
873.991 2.5863e+01
874.192 2.6268e+01
874.393 2.5650e+01
874.594 2.6177e+01
874.796 2.3940e+01
874.997 2.2549e+01
875.199 2.1931e+01
875.401 2.2041e+01
875.602 2.3059e+01
875.804 2.4693e+01
876.005 2.6013e+01
876.207 2.6302e+01
876.409 2.6592e+01
876.611 2.5888e+01
876.813 2.5930e+01
877.014 2.6300e+01
877.217 2.6176e+01
877.418 2.5879e+01
877.621 2.5857e+01
877.823 2.6004e+01
878.025 2.6608e+01
878.227 2.6236e+01
878.429 2.6146e+01
878.632 2.6194e+01
878.834 2.6007e+01
879.036 2.6086e+01
879.239 2.6033e+01
879.441 2.6095e+01
879.644 2.6001e+01
879.846 2.5889e+01
880.049 2.5947e+01
880.251 2.6007e+01
880.454 2.5911e+01
880.657 2.5931e+01
880.860 2.6252e+01
881.063 2.6290e+01
881.265 2.5964e+01
881.469 2.6235e+01
881.671 2.6237e+01
881.875 2.6513e+01
882.078 2.6327e+01
882.280 2.6046e+01
882.484 2.6065e+01
882.687 2.6062e+01
882.891 2.6227e+01
883.094 2.6219e+01
883.297 2.5945e+01
883.500 2.6030e+01
883.704 2.6562e+01
883.907 2.6107e+01
884.111 2.5883e+01
884.315 2.6213e+01
884.518 2.6099e+01
884.722 2.5946e+01
884.926 2.6302e+01
885.129 2.6424e+01
885.333 2.6393e+01
885.537 2.6124e+01
885.741 2.5943e+01
885.945 2.5834e+01
886.149 2.5649e+01
886.353 2.5526e+01
886.557 2.6239e+01
886.761 2.6054e+01
886.965 2.6049e+01
887.170 2.6389e+01
887.374 2.6322e+01
887.579 2.6134e+01
887.783 2.6104e+01
887.987 2.6143e+01
888.192 2.6152e+01
888.396 2.6147e+01
888.601 2.6205e+01
888.806 2.6318e+01
889.010 2.6221e+01
889.215 2.5940e+01
889.420 2.6050e+01
889.625 2.6119e+01
889.829 2.5872e+01
890.034 2.6093e+01
890.239 2.6223e+01
890.445 2.6248e+01
890.649 2.6080e+01
890.855 2.6043e+01
891.060 2.6135e+01
891.265 2.5885e+01
891.470 2.6155e+01
891.675 2.6335e+01
891.881 2.6042e+01
892.086 2.5626e+01
892.292 2.3987e+01
892.497 2.2334e+01
892.702 2.1262e+01
892.908 2.1271e+01
893.114 2.1971e+01
893.320 2.3568e+01
893.525 2.5303e+01
893.731 2.5922e+01
893.937 2.6122e+01
894.142 2.5983e+01
894.349 2.5880e+01
894.554 2.5862e+01
894.761 2.5904e+01
894.966 2.6140e+01
895.173 2.5973e+01
895.379 2.6020e+01
895.585 2.6322e+01
895.791 2.6444e+01
895.997 2.6010e+01
896.204 2.5646e+01
896.410 2.6097e+01
896.617 2.6113e+01
896.823 2.6123e+01
897.029 2.6145e+01
897.236 2.5922e+01
897.443 2.5785e+01
897.650 2.5414e+01
897.856 2.5608e+01
898.063 2.5829e+01
898.270 2.5923e+01
898.476 2.6073e+01
898.684 2.5942e+01
898.890 2.6198e+01
899.098 2.5972e+01
899.304 2.5621e+01
899.512 2.5686e+01
899.719 2.6036e+01
899.926 2.5617e+01
900.133 2.5620e+01
900.340 2.6075e+01
900.548 2.5409e+01
900.755 2.4836e+01
900.963 2.2456e+01
901.170 2.0806e+01
901.377 1.9992e+01
901.585 2.0167e+01
901.793 2.1046e+01
902.001 2.2998e+01
902.208 2.5032e+01
902.416 2.5816e+01
902.624 2.5763e+01
902.831 2.5337e+01
903.040 2.5253e+01
903.247 2.5437e+01
903.456 2.5637e+01
903.664 2.5999e+01
903.872 2.6428e+01
904.080 2.6117e+01
904.288 2.6007e+01
904.496 2.6119e+01
904.704 2.6034e+01
904.913 2.5906e+01
905.121 2.6166e+01
905.330 2.5928e+01
905.538 2.6332e+01
905.746 2.6276e+01
905.955 2.5577e+01
906.164 2.6544e+01
906.373 2.6095e+01
906.581 2.6020e+01
906.790 2.6094e+01
906.999 2.6033e+01
907.208 2.5993e+01
907.417 2.6114e+01
907.625 2.6095e+01
907.835 2.5733e+01
908.044 2.5890e+01
908.253 2.6230e+01
908.462 2.6012e+01
908.671 2.6094e+01
908.881 2.6194e+01
909.090 2.6212e+01
909.299 2.6328e+01
909.508 2.6209e+01
909.718 2.5897e+01
909.927 2.6012e+01
910.137 2.6019e+01
910.347 2.6161e+01
910.556 2.6465e+01
910.766 2.6270e+01
910.976 2.5854e+01
911.186 2.6211e+01
911.395 2.6414e+01
911.605 2.5994e+01
911.815 2.6018e+01
912.025 2.6191e+01
912.235 2.6008e+01
912.445 2.6107e+01
912.655 2.5927e+01
912.865 2.6188e+01
913.076 2.6529e+01
913.286 2.6524e+01
913.496 2.6348e+01
913.707 2.6162e+01
913.917 2.5991e+01
914.128 2.6214e+01
914.338 2.6026e+01
914.549 2.5901e+01
914.759 2.6148e+01
914.970 2.5778e+01
915.181 2.6090e+01
915.391 2.6438e+01
915.602 2.6271e+01
915.813 2.6031e+01
916.024 2.6119e+01
916.235 2.6455e+01
916.446 2.6373e+01
916.657 2.6164e+01
916.868 2.6190e+01
917.079 2.6237e+01
917.290 2.6084e+01
917.502 2.6071e+01
917.713 2.6167e+01
917.924 2.5998e+01
918.136 2.6184e+01
918.347 2.6286e+01
918.559 2.5910e+01
918.770 2.6114e+01
918.982 2.6173e+01
919.193 2.5816e+01
919.405 2.5820e+01
919.617 2.6145e+01
919.828 2.6347e+01
920.040 2.6450e+01
920.252 2.6456e+01
920.464 2.6046e+01
920.676 2.6161e+01
920.888 2.6510e+01
921.100 2.6347e+01
921.312 2.6411e+01
921.524 2.6090e+01
921.736 2.6145e+01
921.949 2.6168e+01
922.161 2.6189e+01
922.373 2.6236e+01
922.586 2.5896e+01
922.798 2.6659e+01
923.011 2.6135e+01
923.223 2.6140e+01
923.436 2.6332e+01
923.649 2.5952e+01
923.862 2.6355e+01
924.074 2.5445e+01
924.287 2.5711e+01
924.500 2.6039e+01
924.713 2.5877e+01
924.926 2.5976e+01
925.138 2.6389e+01
925.352 2.7052e+01
925.565 2.6442e+01
925.778 2.6054e+01
925.991 2.6023e+01
926.204 2.6038e+01
926.418 2.5998e+01
926.631 2.5981e+01
926.845 2.6052e+01
927.058 2.6231e+01
927.271 2.6245e+01
927.485 2.6039e+01
927.698 2.6080e+01
927.912 2.6057e+01
928.126 2.6146e+01
928.340 2.6407e+01
928.553 2.6199e+01
928.767 2.5796e+01
928.981 2.6343e+01
929.195 2.6568e+01
929.409 2.5890e+01
929.623 2.5879e+01
929.837 2.6149e+01
930.051 2.5897e+01
930.265 2.5873e+01
930.479 2.6072e+01
930.694 2.6421e+01
930.908 2.6372e+01
931.122 2.6083e+01
931.337 2.5966e+01
931.551 2.5962e+01
931.766 2.6247e+01
931.981 2.6122e+01
932.195 2.6227e+01
932.410 2.6376e+01
932.624 2.6051e+01
932.839 2.5970e+01
933.054 2.5930e+01
933.269 2.5881e+01
933.484 2.6147e+01
933.699 2.6123e+01
933.914 2.5748e+01
934.129 2.6485e+01
934.344 2.6287e+01
934.559 2.5929e+01
934.774 2.5887e+01
934.990 2.5907e+01
935.205 2.5883e+01
935.420 2.6223e+01
935.636 2.5913e+01
935.851 2.5774e+01
936.067 2.5851e+01
936.282 2.6180e+01
936.498 2.6474e+01
936.713 2.5905e+01
936.929 2.6158e+01
937.145 2.6011e+01
937.361 2.6332e+01
937.577 2.6554e+01
937.792 2.5828e+01
938.009 2.6017e+01
938.224 2.6439e+01
938.441 2.6004e+01
938.657 2.5819e+01
938.873 2.5977e+01
939.089 2.6025e+01
939.305 2.5874e+01
939.522 2.5861e+01
939.738 2.6321e+01
939.955 2.6392e+01
940.171 2.6192e+01
940.387 2.6233e+01
940.604 2.5812e+01
940.821 2.6216e+01
941.037 2.6669e+01
941.254 2.6197e+01
941.471 2.6080e+01
941.687 2.6901e+01
941.904 2.6392e+01
942.121 2.6309e+01
942.338 2.6782e+01
942.555 2.6192e+01
942.772 2.6061e+01
942.990 2.7152e+01
943.206 2.5804e+01
943.424 2.6153e+01
943.641 2.6213e+01
943.859 2.6177e+01
944.076 2.6257e+01
944.293 2.6100e+01
944.511 2.5898e+01
944.728 2.5942e+01
944.946 2.5980e+01
945.163 2.6080e+01
945.381 2.6197e+01
945.599 2.6265e+01
945.816 2.6464e+01
946.034 2.6102e+01
946.252 2.6278e+01
946.470 2.6253e+01
946.688 2.5922e+01
946.906 2.5897e+01
947.124 2.6241e+01
947.342 2.5884e+01
947.560 2.5931e+01
947.778 2.6010e+01
947.997 2.6098e+01
948.215 2.6330e+01
948.433 2.5971e+01
948.652 2.6075e+01
948.870 2.6062e+01
949.089 2.5840e+01
949.307 2.5819e+01
949.526 2.6128e+01
949.744 2.6064e+01
949.964 2.5988e+01
950.182 2.5974e+01
950.401 2.6070e+01
950.620 2.6052e+01
950.838 2.5928e+01
951.058 2.6282e+01
951.276 2.6357e+01
951.496 2.6251e+01
951.715 2.6062e+01
951.934 2.6028e+01
952.153 2.6268e+01
952.372 2.6282e+01
952.592 2.5816e+01
952.811 2.6012e+01
953.031 2.6219e+01
953.250 2.6143e+01
953.469 2.6116e+01
953.689 2.5882e+01
953.908 2.6025e+01
954.128 2.6232e+01
954.348 2.6022e+01
954.568 2.5885e+01
954.788 2.6068e+01
955.007 2.5837e+01
955.227 2.6226e+01
955.447 2.6002e+01
955.668 2.6096e+01
955.887 2.6419e+01
956.108 2.6129e+01
956.328 2.6262e+01
956.548 2.5962e+01
956.768 2.6071e+01
956.988 2.6241e+01
957.209 2.6371e+01
957.429 2.6449e+01
957.650 2.5901e+01
957.870 2.6124e+01
958.091 2.6018e+01
958.312 2.6138e+01
958.532 2.6211e+01
958.753 2.5841e+01
958.974 2.6291e+01
959.195 2.6567e+01
959.416 2.6305e+01
959.637 2.5978e+01
959.858 2.5914e+01
960.078 2.6113e+01
960.300 2.6118e+01
960.521 2.6021e+01
960.742 2.6059e+01
960.963 2.5912e+01
961.185 2.5820e+01
961.406 2.6084e+01
961.627 2.6171e+01
961.849 2.5921e+01
962.070 2.6123e+01
962.292 2.6251e+01
962.513 2.6005e+01
962.735 2.5979e+01
962.957 2.6627e+01
963.178 2.6038e+01
963.400 2.5797e+01
963.622 2.6018e+01
963.844 2.6399e+01
964.066 2.6349e+01
964.288 2.6125e+01
964.510 2.6201e+01
964.732 2.6069e+01
964.955 2.6218e+01
965.176 2.6443e+01
965.399 2.6252e+01
965.621 2.6526e+01
965.844 2.5967e+01
966.066 2.6352e+01
966.288 2.6385e+01
966.511 2.6094e+01
966.733 2.6394e+01
966.956 2.5976e+01
967.179 2.5947e+01
967.402 2.6140e+01
967.624 2.5869e+01
967.847 2.5761e+01
968.070 2.6283e+01
968.293 2.5956e+01
968.516 2.6241e+01
968.739 2.6337e+01
968.962 2.6177e+01
969.185 2.6096e+01
969.408 2.6046e+01
969.632 2.5846e+01
969.855 2.6327e+01
970.078 2.6116e+01
970.302 2.6018e+01
970.525 2.6328e+01
970.749 2.6355e+01
970.972 2.6010e+01
971.196 2.6227e+01
971.419 2.6260e+01
971.643 2.5951e+01
971.867 2.5834e+01
972.091 2.6065e+01
972.315 2.6071e+01
972.538 2.6374e+01
972.762 2.6058e+01
972.986 2.6055e+01
973.211 2.6326e+01
973.434 2.6047e+01
973.659 2.5785e+01
973.883 2.6057e+01
974.107 2.6657e+01
974.332 2.6470e+01
974.556 2.6008e+01
974.781 2.6010e+01
975.005 2.6074e+01
975.230 2.6421e+01
975.454 2.5914e+01
975.679 2.5983e+01
975.903 2.6060e+01
976.128 2.5560e+01
976.353 2.6800e+01
976.578 2.7036e+01
976.803 2.6117e+01
977.027 2.5903e+01
977.253 2.6030e+01
977.478 2.6185e+01
977.702 2.7006e+01
977.928 2.5920e+01
978.153 2.6130e+01
978.378 2.6351e+01
978.604 2.5921e+01
978.829 2.5871e+01
979.054 2.6428e+01
979.280 2.5757e+01
979.505 2.5899e+01
979.731 2.6241e+01
979.957 2.6205e+01
980.182 2.6160e+01
980.408 2.6078e+01
980.634 2.6274e+01
980.859 2.5910e+01
981.085 2.5960e+01
981.311 2.6197e+01
981.537 2.5883e+01
981.763 2.6135e+01
981.990 2.5903e+01
982.216 2.5722e+01
982.441 2.6018e+01
982.668 2.6204e+01
982.894 2.5695e+01
983.121 2.5946e+01
983.347 2.6211e+01
983.574 2.5872e+01
983.800 2.5871e+01
984.026 2.6239e+01
984.253 2.6138e+01
984.479 2.5769e+01
984.707 2.5702e+01
984.933 2.5956e+01
985.160 2.6466e+01
985.387 2.6364e+01
985.614 2.5794e+01
985.841 2.6163e+01
986.068 2.6167e+01
986.295 2.6011e+01
986.522 2.5923e+01
986.749 2.5993e+01
986.976 2.6077e+01
987.203 2.5784e+01
987.431 2.6237e+01
987.658 2.5869e+01
987.886 2.5727e+01
988.113 2.6138e+01
988.341 2.6239e+01
988.569 2.5668e+01
988.796 2.6041e+01
989.024 2.6149e+01
989.251 2.6065e+01
989.480 2.6071e+01
989.707 2.6125e+01
989.935 2.6553e+01
990.163 2.5921e+01
990.391 2.6666e+01
990.619 2.6268e+01
990.847 2.5722e+01
991.076 2.6527e+01
991.304 2.5651e+01
991.532 2.6093e+01
991.760 2.6148e+01
991.989 2.6188e+01
992.217 2.6273e+01
992.446 2.5900e+01
992.674 2.6146e+01
992.903 2.6012e+01
993.132 2.5927e+01
993.360 2.5955e+01
993.589 2.6002e+01
993.818 2.6095e+01
994.046 2.6324e+01
994.276 2.5891e+01
994.504 2.6197e+01
994.734 2.6190e+01
994.963 2.5955e+01
995.192 2.6354e+01
995.421 2.6008e+01
995.650 2.6364e+01
995.880 2.6081e+01
996.109 2.5858e+01
996.338 2.6177e+01
996.568 2.6713e+01
996.797 2.6044e+01
997.027 2.5845e+01
997.256 2.6090e+01
997.486 2.6047e+01
997.715 2.5848e+01
997.946 2.6109e+01
998.175 2.6384e+01
998.405 2.6368e+01
998.635 2.6264e+01
998.865 2.6061e+01
999.095 2.5936e+01
999.325 2.5967e+01
999.555 2.5778e+01
999.785 2.5645e+01
1000.016 2.6026e+01
1000.246 2.6195e+01
1000.476 2.6002e+01
1000.707 2.6179e+01
1000.937 2.6115e+01
1001.168 2.6133e+01
1001.398 2.5949e+01
1001.629 2.5896e+01
1001.859 2.5921e+01
1002.090 2.5891e+01
1002.321 2.6307e+01
1002.552 2.5826e+01
1002.783 2.5848e+01
1003.013 2.6163e+01
1003.245 2.6159e+01
1003.476 2.5926e+01
1003.706 2.6175e+01
1003.938 2.5919e+01
1004.169 2.6221e+01
1004.400 2.6608e+01
1004.631 2.6395e+01
1004.863 2.6092e+01
1005.094 2.5815e+01
1005.325 2.5948e+01
1005.557 2.6225e+01
1005.789 2.5896e+01
1006.021 2.5780e+01
1006.252 2.6668e+01
1006.484 2.6214e+01
1006.715 2.6259e+01
1006.947 2.5895e+01
1007.179 2.5742e+01
1007.411 2.6007e+01
1007.643 2.6285e+01
1007.875 2.6058e+01
1008.108 2.6478e+01
1008.340 2.5992e+01
1008.571 2.5917e+01
1008.804 2.6268e+01
1009.036 2.6017e+01
1009.269 2.5990e+01
1009.501 2.5807e+01
1009.734 2.5808e+01
1009.966 2.5770e+01
1010.199 2.5862e+01
1010.431 2.6312e+01
1010.664 2.5904e+01
1010.897 2.6064e+01
1011.129 2.6080e+01
1011.363 2.5899e+01
1011.595 2.5928e+01
1011.828 2.6197e+01
1012.061 2.5943e+01
1012.294 2.6255e+01
1012.528 2.6324e+01
1012.760 2.6180e+01
1012.994 2.5948e+01
1013.227 2.5709e+01
1013.461 2.5963e+01
1013.694 2.5829e+01
1013.927 2.6099e+01
1014.161 2.6000e+01
1014.394 2.5899e+01
1014.628 2.6730e+01
1014.862 2.5996e+01
1015.096 2.6166e+01
1015.329 2.5837e+01
1015.562 2.5973e+01
1015.797 2.6359e+01
1016.030 2.5764e+01
1016.265 2.5988e+01
1016.498 2.5886e+01
1016.733 2.5866e+01
1016.967 2.6053e+01
1017.201 2.6085e+01
1017.435 2.5830e+01
1017.669 2.6030e+01
1017.904 2.6189e+01
1018.138 2.6075e+01
1018.373 2.6114e+01
1018.607 2.6050e+01
1018.842 2.5702e+01
1019.076 2.6019e+01
1019.311 2.5840e+01
1019.546 2.6208e+01
1019.781 2.6400e+01
1020.016 2.6080e+01
1020.250 2.6088e+01
1020.485 2.5838e+01
1020.721 2.5956e+01
1020.955 2.5900e+01
1021.191 2.5737e+01
1021.426 2.5828e+01
1021.661 2.6202e+01
1021.896 2.5906e+01
1022.131 2.5913e+01
1022.367 2.6051e+01
1022.602 2.6054e+01
1022.838 2.6130e+01
1023.073 2.6382e+01
1023.309 2.5839e+01
1023.545 2.5980e+01
1023.780 2.6342e+01
1024.016 2.6184e+01
1024.252 2.5829e+01
1024.488 2.5885e+01
1024.724 2.6323e+01
1024.960 2.6464e+01
1025.196 2.6139e+01
1025.432 2.6156e+01
1025.668 2.6514e+01
1025.904 2.6410e+01
1026.141 2.6073e+01
1026.376 2.6160e+01
1026.613 2.6166e+01
1026.849 2.6184e+01
1027.086 2.6212e+01
1027.323 2.6105e+01
1027.559 2.6248e+01
1027.796 2.6246e+01
1028.032 2.6124e+01
1028.269 2.6114e+01
1028.506 2.6212e+01
1028.743 2.6107e+01
1028.980 2.5776e+01
1029.216 2.6149e+01
1029.454 2.6201e+01
1029.691 2.6174e+01
1029.928 2.6107e+01
1030.165 2.5852e+01
1030.402 2.6584e+01
1030.640 2.6007e+01
1030.877 2.5962e+01
1031.114 2.6075e+01
1031.352 2.5996e+01
1031.589 2.6045e+01
1031.827 2.6082e+01
1032.065 2.6099e+01
1032.302 2.6083e+01
1032.540 2.6115e+01
1032.778 2.6150e+01
1033.015 2.6098e+01
1033.253 2.6165e+01
1033.491 2.6285e+01
1033.729 2.6483e+01
1033.967 2.6540e+01
1034.205 2.6355e+01
1034.444 2.6127e+01
1034.682 2.5968e+01
1034.920 2.5974e+01
1035.158 2.6015e+01
1035.397 2.6112e+01
1035.635 2.6141e+01
1035.873 2.5924e+01
1036.112 2.5746e+01
1036.351 2.5784e+01
1036.590 2.6282e+01
1036.828 2.6391e+01
1037.067 2.5929e+01
1037.306 2.5877e+01
1037.544 2.6071e+01
1037.784 2.5703e+01
1038.022 2.6501e+01
1038.262 2.6380e+01
1038.500 2.5726e+01
1038.740 2.6639e+01
1038.979 2.5788e+01
1039.218 2.6067e+01
1039.458 2.6397e+01
1039.697 2.6416e+01
1039.937 2.6452e+01
1040.176 2.6461e+01
1040.416 2.6160e+01
1040.655 2.6067e+01
1040.894 2.5945e+01
1041.134 2.5934e+01
1041.374 2.6076e+01
1041.614 2.6172e+01
1041.854 2.6114e+01
1042.094 2.5968e+01
1042.334 2.6172e+01
1042.573 2.6169e+01
1042.814 2.5897e+01
1043.054 2.5841e+01
1043.294 2.5739e+01
1043.534 2.6332e+01
1043.775 2.5774e+01
1044.015 2.5770e+01
1044.255 2.7032e+01
1044.496 2.6983e+01
1044.736 2.6025e+01
1044.977 2.6417e+01
1045.218 2.6179e+01
1045.459 2.5924e+01
1045.699 2.5864e+01
1045.940 2.5662e+01
1046.181 2.6148e+01
1046.422 2.6087e+01
1046.663 2.6001e+01
1046.904 2.6043e+01
1047.145 2.6179e+01
1047.386 2.6192e+01
1047.628 2.5613e+01
1047.869 2.5890e+01
1048.110 2.5949e+01
1048.351 2.6027e+01
1048.593 2.6303e+01
1048.834 2.6133e+01
1049.076 2.6148e+01
1049.318 2.6163e+01
1049.559 2.6028e+01
1049.800 2.6164e+01
1050.042 2.6275e+01
1050.284 2.5884e+01
1050.526 2.6279e+01
1050.768 2.6278e+01
1051.010 2.6026e+01
1051.252 2.5857e+01
1051.494 2.5844e+01
1051.736 2.5996e+01
1051.978 2.6176e+01
1052.221 2.5796e+01
1052.463 2.5937e+01
1052.705 2.6087e+01
1052.948 2.6151e+01
1053.190 2.7008e+01
1053.433 2.6674e+01
1053.675 2.6408e+01
1053.918 2.6040e+01
1054.161 2.5755e+01
1054.404 2.5812e+01
1054.646 2.6226e+01
1054.889 2.5908e+01
1055.132 2.6064e+01
1055.375 2.6129e+01
1055.618 2.6030e+01
1055.861 2.5931e+01
1056.104 2.5923e+01
1056.347 2.6321e+01
1056.591 2.6051e+01
1056.834 2.6046e+01
1057.077 2.6086e+01
1057.321 2.5386e+01
1057.564 2.4452e+01
1057.808 2.3879e+01
1058.051 2.3982e+01
1058.295 2.4643e+01
1058.539 2.5778e+01
1058.782 2.6145e+01
1059.026 2.5730e+01
1059.270 2.6213e+01
1059.514 2.6349e+01
1059.758 2.6441e+01
1060.002 2.6115e+01
1060.246 2.5765e+01
1060.490 2.5989e+01
1060.735 2.6393e+01
1060.979 2.5958e+01
1061.224 2.5938e+01
1061.468 2.6004e+01
1061.712 2.5958e+01
1061.957 2.6183e+01
1062.201 2.6281e+01
1062.446 2.6091e+01
1062.690 2.5917e+01
1062.935 2.5945e+01
1063.180 2.6081e+01
1063.425 2.6105e+01
1063.670 2.6179e+01
1063.914 2.5901e+01
1064.160 2.6088e+01
1064.405 2.6126e+01
1064.650 2.5916e+01
1064.895 2.6115e+01
1065.140 2.5932e+01
1065.385 2.6205e+01
1065.631 2.6498e+01
1065.876 2.6357e+01
1066.121 2.6174e+01
1066.367 2.6307e+01
1066.613 2.6210e+01
1066.859 2.5807e+01
1067.104 2.5989e+01
1067.350 2.6253e+01
1067.596 2.6075e+01
1067.841 2.6033e+01
1068.088 2.6272e+01
1068.333 2.5844e+01
1068.580 2.6008e+01
1068.825 2.6002e+01
1069.071 2.5824e+01
1069.318 2.6420e+01
1069.564 2.6082e+01
1069.810 2.6385e+01
1070.057 2.6289e+01
1070.303 2.5937e+01
1070.550 2.5863e+01
1070.796 2.6068e+01
1071.043 2.6140e+01
1071.289 2.6004e+01
1071.536 2.5960e+01
1071.783 2.5900e+01
1072.030 2.5816e+01
1072.276 2.5846e+01
1072.523 2.5807e+01
1072.770 2.5566e+01
1073.017 2.5835e+01
1073.265 2.5863e+01
1073.512 2.5658e+01
1073.759 2.6197e+01
1074.006 2.5988e+01
1074.253 2.6487e+01
1074.501 2.6095e+01
1074.748 2.5743e+01
1074.996 2.5898e+01
1075.243 2.6090e+01
1075.491 2.6003e+01
1075.739 2.5818e+01
1075.986 2.6047e+01
1076.234 2.6317e+01
1076.482 2.6262e+01
1076.730 2.6163e+01
1076.978 2.5768e+01
1077.226 2.6359e+01
1077.474 2.6395e+01
1077.722 2.5909e+01
1077.970 2.5914e+01
1078.218 2.6586e+01
1078.467 2.6494e+01
1078.715 2.6270e+01
1078.964 2.6014e+01
1079.212 2.6036e+01
1079.460 2.6307e+01
1079.709 2.6318e+01
1079.958 2.6216e+01
1080.207 2.6002e+01
1080.455 2.5867e+01
1080.704 2.5830e+01
1080.953 2.6006e+01
1081.202 2.6412e+01
1081.451 2.5995e+01
1081.700 2.6128e+01
1081.949 2.6007e+01
1082.198 2.6055e+01
1082.448 2.6249e+01
1082.697 2.5851e+01
1082.946 2.5921e+01
1083.195 2.5976e+01
1083.445 2.5684e+01
1083.694 2.5946e+01
1083.944 2.6797e+01
1084.194 2.6067e+01
1084.443 2.6188e+01
1084.693 2.5861e+01
1084.943 2.5993e+01
1085.192 2.6214e+01
1085.443 2.5965e+01
1085.692 2.5805e+01
1085.943 2.6257e+01
1086.192 2.6500e+01
1086.443 2.5814e+01
1086.693 2.5776e+01
1086.943 2.6373e+01
1087.193 2.6118e+01
1087.443 2.6343e+01
1087.694 2.6377e+01
1087.944 2.5996e+01
1088.195 2.6040e+01
1088.446 2.6325e+01
1088.696 2.5912e+01
1088.947 2.6095e+01
1089.198 2.5948e+01
1089.449 2.6474e+01
1089.699 2.6527e+01
1089.951 2.5905e+01
1090.202 2.6083e+01
1090.452 2.5984e+01
1090.704 2.6062e+01
1090.955 2.5737e+01
1091.206 2.5702e+01
1091.457 2.6004e+01
1091.709 2.5876e+01
1091.960 2.6161e+01
1092.211 2.5986e+01
1092.463 2.6122e+01
1092.715 2.6019e+01
1092.966 2.5818e+01
1093.218 2.6313e+01
1093.470 2.5921e+01
1093.722 2.5942e+01
1093.973 2.5980e+01
1094.225 2.6449e+01
1094.477 2.7555e+01
1094.730 2.6466e+01
1094.981 2.5869e+01
1095.234 2.5883e+01
1095.486 2.6223e+01
1095.738 2.6365e+01
1095.991 2.6099e+01
1096.243 2.6043e+01
1096.495 2.6616e+01
1096.748 2.6421e+01
1097.000 2.6024e+01
1097.253 2.5848e+01
1097.505 2.5912e+01
1097.759 2.6142e+01
1098.011 2.6107e+01
1098.264 2.6378e+01
1098.517 2.5939e+01
1098.770 2.5819e+01
1099.023 2.6178e+01
1099.276 2.6024e+01
1099.529 2.6063e+01
1099.782 2.5864e+01
1100.036 2.5848e+01
1100.289 2.5884e+01
1100.543 2.5817e+01
1100.796 2.5857e+01
1101.049 2.6193e+01
1101.303 2.5835e+01
1101.556 2.5746e+01
1101.810 2.5880e+01
1102.064 2.5969e+01
1102.318 2.5989e+01
1102.572 2.5879e+01
1102.825 2.6100e+01
1103.079 2.6106e+01
1103.333 2.5966e+01
1103.588 2.5967e+01
1103.842 2.6078e+01
1104.096 2.6164e+01
1104.350 2.6112e+01
1104.604 2.6064e+01
1104.859 2.5985e+01
1105.113 2.5925e+01
1105.368 2.5996e+01
1105.622 2.5943e+01
1105.877 2.5879e+01
1106.131 2.6098e+01
1106.386 2.6053e+01
1106.641 2.5843e+01
1106.896 2.6209e+01
1107.151 2.6169e+01
1107.406 2.5979e+01
1107.661 2.5998e+01
1107.916 2.5970e+01
1108.171 2.5901e+01
1108.426 2.6101e+01
1108.681 2.6010e+01
1108.937 2.5992e+01
1109.192 2.6257e+01
1109.448 2.6281e+01
1109.703 2.5981e+01
1109.959 2.5997e+01
1110.214 2.6128e+01
1110.470 2.5889e+01
1110.726 2.6114e+01
1110.981 2.6271e+01
1111.237 2.5953e+01
1111.493 2.5964e+01
1111.749 2.6089e+01
1112.005 2.5743e+01
1112.261 2.5998e+01
1112.517 2.6229e+01
1112.773 2.6005e+01
1113.030 2.6322e+01
1113.286 2.6027e+01
1113.543 2.6009e+01
1113.799 2.5943e+01
1114.055 2.5925e+01
1114.312 2.5948e+01
1114.568 2.5874e+01
1114.825 2.6419e+01
1115.082 2.5942e+01
1115.339 2.6067e+01
1115.596 2.6524e+01
1115.852 2.6238e+01
1116.109 2.5897e+01
1116.366 2.6408e+01
1116.624 2.6266e+01
1116.881 2.6048e+01
1117.138 2.6041e+01
1117.395 2.6177e+01
1117.652 2.6244e+01
1117.910 2.5822e+01
1118.167 2.6206e+01
1118.425 2.5928e+01
1118.682 2.5828e+01
1118.940 2.6319e+01
1119.198 2.6076e+01
1119.455 2.5957e+01
1119.713 2.6249e+01
1119.971 2.6103e+01
1120.229 2.5955e+01
1120.487 2.6108e+01
1120.745 2.6030e+01
1121.003 2.5806e+01
1121.261 2.6289e+01
1121.519 2.6191e+01
1121.777 2.5889e+01
1122.036 2.5944e+01
1122.294 2.5975e+01
1122.553 2.5968e+01
1122.811 2.6152e+01
1123.070 2.6270e+01
1123.329 2.6192e+01
1123.587 2.6006e+01
1123.846 2.5817e+01
1124.105 2.5760e+01
1124.364 2.6010e+01
1124.622 2.6054e+01
1124.881 2.5964e+01
1125.141 2.5991e+01
1125.399 2.5990e+01
1125.659 2.5865e+01
1125.918 2.5901e+01
1126.178 2.5929e+01
1126.437 2.5977e+01
1126.696 2.6075e+01
1126.956 2.6091e+01
1127.215 2.6141e+01
1127.475 2.6210e+01
1127.734 2.5941e+01
1127.994 2.5975e+01
1128.254 2.6302e+01
1128.514 2.5896e+01
1128.773 2.5770e+01
1129.033 2.5812e+01
1129.293 2.5930e+01
1129.553 2.5947e+01
1129.814 2.5897e+01
1130.074 2.5946e+01
1130.334 2.5784e+01
1130.594 2.6349e+01
1130.854 2.6133e+01
1131.115 2.5891e+01
1131.375 2.6262e+01
1131.636 2.6288e+01
1131.897 2.5899e+01
1132.158 2.5958e+01
1132.418 2.5842e+01
1132.679 2.5879e+01
1132.940 2.6203e+01
1133.200 2.6051e+01
1133.462 2.6032e+01
1133.722 2.6189e+01
1133.984 2.5414e+01
1134.245 2.4941e+01
1134.506 2.5007e+01
1134.767 2.5422e+01
1135.028 2.5666e+01
1135.290 2.6030e+01
1135.551 2.6019e+01
1135.813 2.5891e+01
1136.074 2.5782e+01
1136.336 2.5413e+01
1136.598 2.5374e+01
1136.859 2.5863e+01
1137.121 2.5988e+01
1137.383 2.6012e+01
1137.645 2.6319e+01
1137.907 2.6106e+01
1138.169 2.6603e+01
1138.431 2.5910e+01
1138.693 2.6092e+01
1138.956 2.6450e+01
1139.218 2.6059e+01
1139.480 2.6212e+01
1139.743 2.6494e+01
1140.005 2.5979e+01
1140.268 2.6003e+01
1140.530 2.6161e+01
1140.793 2.5950e+01
1141.055 2.5848e+01
1141.318 2.5740e+01
1141.581 2.5959e+01
1141.844 2.6029e+01
1142.107 2.6008e+01
1142.370 2.5930e+01
1142.633 2.5611e+01
1142.896 2.5731e+01
1143.160 2.5563e+01
1143.423 2.5860e+01
1143.686 2.6512e+01
1143.949 2.6385e+01
1144.213 2.5901e+01
1144.476 2.5799e+01
1144.740 2.5779e+01
1145.004 2.6046e+01
1145.267 2.6144e+01
1145.531 2.5710e+01
1145.795 2.5430e+01
1146.058 2.5648e+01
1146.323 2.5655e+01
1146.586 2.5850e+01
1146.851 2.5982e+01
1147.115 2.5701e+01
1147.379 2.5561e+01
1147.643 2.5833e+01
1147.907 2.5922e+01
1148.172 2.5912e+01
1148.436 2.6008e+01
1148.701 2.6140e+01
1148.965 2.6091e+01
1149.230 2.6138e+01
1149.494 2.5995e+01
1149.759 2.6004e+01
1150.024 2.6067e+01
1150.288 2.6006e+01
1150.554 2.5915e+01
1150.818 2.5778e+01
1151.084 2.6029e+01
1151.349 2.6009e+01
1151.613 2.6060e+01
1151.879 2.6364e+01
1152.144 2.6062e+01
1152.410 2.6240e+01
1152.675 2.6016e+01
1152.940 2.5936e+01
1153.206 2.6178e+01
1153.471 2.6326e+01
1153.737 2.5944e+01
1154.002 2.6134e+01
1154.269 2.6591e+01
1154.534 2.6124e+01
1154.800 2.5904e+01
1155.066 2.6233e+01
1155.332 2.6100e+01
1155.598 2.6041e+01
1155.864 2.5820e+01
1156.130 2.5902e+01
1156.396 2.5995e+01
1156.663 2.5933e+01
1156.929 2.6135e+01
1157.195 2.5817e+01
1157.462 2.6050e+01
1157.729 2.6126e+01
1157.995 2.6083e+01
1158.262 2.6127e+01
1158.529 2.5874e+01
1158.795 2.5919e+01
1159.062 2.5958e+01
1159.329 2.6083e+01
1159.596 2.5905e+01
1159.863 2.5703e+01
1160.130 2.6174e+01
1160.398 2.5922e+01
1160.665 2.5739e+01
1160.932 2.5884e+01
1161.199 2.6009e+01
1161.467 2.5856e+01
1161.734 2.5837e+01
1162.002 2.6073e+01
1162.270 2.5867e+01
1162.537 2.5925e+01
1162.804 2.5998e+01
1163.073 2.5780e+01
1163.340 2.5792e+01
1163.608 2.6091e+01
1163.876 2.5918e+01
1164.145 2.6398e+01
1164.412 2.6455e+01
1164.680 2.5758e+01
1164.949 2.6094e+01
1165.217 2.5897e+01
1165.485 2.5727e+01
1165.753 2.6039e+01
1166.022 2.6457e+01
1166.291 2.6172e+01
1166.559 2.5882e+01
1166.828 2.6157e+01
1167.096 2.6065e+01
1167.365 2.6049e+01
1167.634 2.5892e+01
1167.903 2.5606e+01
1168.172 2.5731e+01
1168.441 2.6057e+01
1168.710 2.5965e+01
1168.979 2.6034e+01
1169.249 2.6388e+01
1169.518 2.6435e+01
1169.787 2.5986e+01
1170.056 2.6169e+01
1170.326 2.5941e+01
1170.595 2.6032e+01
1170.865 2.6123e+01
1171.135 2.5842e+01
1171.404 2.5814e+01
1171.674 2.5956e+01
1171.944 2.5928e+01
1172.214 2.6140e+01
1172.484 2.6150e+01
1172.753 2.5762e+01
1173.024 2.5756e+01
1173.294 2.6153e+01
1173.564 2.5805e+01
1173.834 2.5782e+01
1174.105 2.5892e+01
1174.375 2.5817e+01
1174.645 2.6028e+01
1174.916 2.5829e+01
1175.186 2.6110e+01
1175.457 2.5924e+01
1175.728 2.5829e+01
1175.999 2.6098e+01
1176.269 2.5729e+01
1176.540 2.5942e+01
1176.811 2.5953e+01
1177.082 2.5712e+01
1177.353 2.5766e+01
1177.624 2.6215e+01
1177.896 2.6138e+01
1178.167 2.5832e+01
1178.438 2.5966e+01
1178.710 2.5237e+01
1178.981 2.4901e+01
1179.253 2.5208e+01
1179.524 2.5444e+01
1179.796 2.5684e+01
1180.067 2.5676e+01
1180.339 2.5321e+01
1180.611 2.5279e+01
1180.883 2.3400e+01
1181.155 2.1553e+01
1181.427 2.0404e+01
1181.699 2.0313e+01
1181.971 2.0951e+01
1182.243 2.2596e+01
1182.515 2.4896e+01
1182.787 2.5983e+01
1183.060 2.5722e+01
1183.332 2.5785e+01
1183.605 2.5659e+01
1183.877 2.5674e+01
1184.150 2.6025e+01
1184.423 2.5850e+01
1184.695 2.5599e+01
1184.969 2.4770e+01
1185.241 2.4121e+01
1185.514 2.4089e+01
1185.787 2.4824e+01
1186.060 2.5668e+01
1186.333 2.5867e+01
1186.606 2.6014e+01
1186.880 2.5909e+01
1187.153 2.5908e+01
1187.427 2.6184e+01
1187.700 2.5974e+01
1187.974 2.5877e+01
1188.247 2.5967e+01
1188.521 2.6017e+01
1188.795 2.6028e+01
1189.068 2.6024e+01
1189.342 2.5926e+01
1189.616 2.6155e+01
1189.890 2.6237e+01
1190.164 2.5861e+01
1190.438 2.5822e+01
1190.712 2.6186e+01
1190.986 2.5888e+01
1191.261 2.6185e+01
1191.535 2.5930e+01
1191.810 2.5758e+01
1192.084 2.5783e+01
1192.358 2.5894e+01
1192.633 2.6175e+01
1192.907 2.6069e+01
1193.182 2.5893e+01
1193.457 2.6032e+01
1193.732 2.6011e+01
1194.007 2.5856e+01
1194.281 2.6472e+01
1194.557 2.5988e+01
1194.832 2.5845e+01
1195.107 2.6145e+01
1195.382 2.6316e+01
1195.658 2.5959e+01
1195.933 2.5833e+01
1196.208 2.6149e+01
1196.484 2.5821e+01
1196.759 2.5731e+01
1197.035 2.6068e+01
1197.310 2.6327e+01
1197.587 2.5953e+01
1197.862 2.6177e+01
1198.138 2.5868e+01
1198.414 2.6044e+01
1198.690 2.6227e+01
1198.966 2.5787e+01
1199.242 2.5774e+01
1199.518 2.5931e+01
1199.794 2.6097e+01
1200.070 2.5604e+01
1200.347 2.5672e+01
1200.623 2.6738e+01
1200.900 2.5799e+01
1201.176 2.5902e+01
1201.453 2.5938e+01
1201.730 2.5786e+01
1202.006 2.5305e+01
1202.283 2.4830e+01
1202.560 2.4793e+01
1202.837 2.5408e+01
1203.114 2.5912e+01
1203.391 2.6103e+01
1203.668 2.6246e+01
1203.945 2.6237e+01
1204.223 2.5997e+01
1204.500 2.6084e+01
1204.777 2.5909e+01
1205.055 2.5995e+01
1205.333 2.5732e+01
1205.610 2.5361e+01
1205.887 2.5924e+01
1206.165 2.5677e+01
1206.443 2.5888e+01
1206.721 2.6223e+01
1206.999 2.5997e+01
1207.277 2.5839e+01
1207.555 2.6763e+01
1207.832 2.6210e+01
1208.111 2.6097e+01
1208.389 2.6147e+01
1208.667 2.5564e+01
1208.946 2.4578e+01
1209.224 2.3904e+01
1209.502 2.4095e+01
1209.781 2.4862e+01
1210.060 2.5735e+01
1210.338 2.5948e+01
1210.617 2.6153e+01
1210.896 2.6376e+01
1211.175 2.5718e+01
1211.453 2.5007e+01
1211.733 2.4310e+01
1212.012 2.4248e+01
1212.291 2.5095e+01
1212.570 2.5839e+01
1212.849 2.6093e+01
1213.129 2.5853e+01
1213.408 2.5760e+01
1213.688 2.5962e+01
1213.967 2.6057e+01
1214.246 2.5597e+01
1214.526 2.5768e+01
1214.805 2.6099e+01
1215.086 2.6238e+01
1215.365 2.6029e+01
1215.645 2.5910e+01
1215.925 2.6240e+01
1216.205 2.5674e+01
1216.485 2.6072e+01
1216.765 2.6002e+01
1217.046 2.5699e+01
1217.326 2.5922e+01
1217.606 2.5956e+01
1217.886 2.5888e+01
1218.167 2.6075e+01
1218.448 2.5930e+01
1218.728 2.5788e+01
1219.009 2.5906e+01
1219.289 2.5766e+01
1219.570 2.5965e+01
1219.851 2.6193e+01
1220.132 2.6128e+01
1220.413 2.6005e+01
1220.694 2.5917e+01
1220.975 2.5631e+01
1221.256 2.5608e+01
1221.538 2.6087e+01
1221.819 2.5920e+01
1222.100 2.5811e+01
1222.382 2.6383e+01
1222.663 2.5986e+01
1222.945 2.6250e+01
1223.226 2.6094e+01
1223.508 2.6153e+01
1223.790 2.6233e+01
1224.071 2.5904e+01
1224.353 2.5818e+01
1224.635 2.6234e+01
1224.917 2.5880e+01
1225.199 2.5963e+01
1225.482 2.6187e+01
1225.764 2.5884e+01
1226.046 2.5940e+01
1226.328 2.5744e+01
1226.611 2.6190e+01
1226.893 2.6018e+01
1227.176 2.5689e+01
1227.459 2.5919e+01
1227.741 2.6011e+01
1228.023 2.5903e+01
1228.307 2.6034e+01
1228.589 2.6228e+01
1228.873 2.6149e+01
1229.155 2.5908e+01
1229.439 2.5880e+01
1229.722 2.5961e+01
1230.004 2.5724e+01
1230.288 2.5714e+01
1230.571 2.5904e+01
1230.855 2.5953e+01
1231.138 2.5891e+01
1231.422 2.5934e+01
1231.705 2.6347e+01
1231.989 2.6279e+01
1232.273 2.5810e+01
1232.556 2.5761e+01
1232.840 2.6455e+01
1233.124 2.5852e+01
1233.408 2.5847e+01
1233.692 2.5997e+01
1233.976 2.6090e+01
1234.260 2.6151e+01
1234.544 2.5945e+01
1234.829 2.6098e+01
1235.113 2.6025e+01
1235.398 2.5827e+01
1235.682 2.5729e+01
1235.967 2.5781e+01
1236.251 2.5958e+01
1236.536 2.6268e+01
1236.821 2.6191e+01
1237.105 2.5903e+01
1237.391 2.5967e+01
1237.675 2.6494e+01
1237.961 2.6406e+01
1238.246 2.6401e+01
1238.530 2.6291e+01
1238.816 2.6336e+01
1239.101 2.5926e+01
1239.387 2.5448e+01
1239.672 2.5753e+01
1239.958 2.5655e+01
1240.243 2.5880e+01
1240.528 2.5834e+01
1240.814 2.5676e+01
1241.100 2.5789e+01
1241.386 2.5773e+01
1241.672 2.6138e+01
1241.958 2.5930e+01
1242.244 2.5856e+01
1242.529 2.6016e+01
1242.816 2.6055e+01
1243.102 2.6087e+01
1243.389 2.6320e+01
1243.675 2.5866e+01
1243.961 2.5841e+01
1244.247 2.6073e+01
1244.534 2.6009e+01
1244.821 2.6100e+01
1245.107 2.6005e+01
1245.394 2.5896e+01
1245.681 2.5918e+01
1245.968 2.5993e+01
1246.255 2.5884e+01
1246.541 2.5562e+01
1246.829 2.5395e+01
1247.115 2.5718e+01
1247.403 2.6334e+01
1247.690 2.6389e+01
1247.978 2.6000e+01
1248.265 2.6233e+01
1248.552 2.6022e+01
1248.840 2.6121e+01
1249.127 2.6077e+01
1249.415 2.5902e+01
1249.703 2.5962e+01
1249.991 2.6216e+01
1250.278 2.6157e+01
1250.566 2.6037e+01
1250.854 2.5937e+01
1251.142 2.5908e+01
1251.431 2.5982e+01
1251.719 2.6134e+01
1252.007 2.6519e+01
1252.295 2.6276e+01
1252.583 2.6153e+01
1252.872 2.6128e+01
1253.160 2.5919e+01
1253.449 2.5853e+01
1253.738 2.6049e+01
1254.027 2.6237e+01
1254.315 2.5850e+01
1254.605 2.5692e+01
1254.893 2.6163e+01
1255.182 2.6305e+01
1255.471 2.6194e+01
1255.760 2.5872e+01
1256.050 2.5844e+01
1256.339 2.5900e+01
1256.629 2.5921e+01
1256.917 2.6535e+01
1257.207 2.6016e+01
1257.497 2.5866e+01
1257.786 2.6647e+01
1258.076 2.6891e+01
1258.365 2.5784e+01
1258.656 2.6019e+01
1258.945 2.5717e+01
1259.235 2.5485e+01
1259.525 2.6076e+01
1259.815 2.7468e+01
1260.105 2.6254e+01
1260.395 2.5564e+01
1260.686 2.5616e+01
1260.976 2.5692e+01
1261.266 2.5968e+01
1261.557 2.6175e+01
1261.847 2.6002e+01
1262.138 2.6388e+01
1262.428 2.6521e+01
1262.719 2.6189e+01
1263.010 2.6423e+01
1263.301 2.6570e+01
1263.592 2.5825e+01
1263.883 2.5602e+01
1264.174 2.6443e+01
1264.465 2.5777e+01
1264.756 2.5728e+01
1265.047 2.6350e+01
1265.338 2.6246e+01
1265.630 2.5987e+01
1265.921 2.6031e+01
1266.213 2.5978e+01
1266.505 2.5780e+01
1266.797 2.5813e+01
1267.088 2.6093e+01
1267.380 2.5799e+01
1267.672 2.5787e+01
1267.963 2.5814e+01
1268.256 2.5776e+01
1268.548 2.5814e+01
1268.840 2.6003e+01
1269.132 2.5985e+01
1269.424 2.5590e+01
1269.717 2.5641e+01
1270.009 2.6004e+01
1270.302 2.6205e+01
1270.594 2.6131e+01
1270.887 2.6660e+01
1271.179 2.6511e+01
1271.472 2.5673e+01
1271.765 2.4834e+01
1272.057 2.4431e+01
1272.351 2.4568e+01
1272.643 2.5429e+01
1272.937 2.5785e+01
1273.230 2.6303e+01
1273.523 2.6349e+01
1273.816 2.6003e+01
1274.109 2.5989e+01
1274.403 2.5828e+01
1274.696 2.5729e+01
1274.990 2.5754e+01
1275.284 2.5895e+01
1275.577 2.5915e+01
1275.871 2.5805e+01
1276.165 2.6074e+01
1276.459 2.6226e+01
1276.752 2.6381e+01
1277.047 2.6074e+01
1277.341 2.5700e+01
1277.635 2.5749e+01
1277.929 2.6226e+01
1278.223 2.5505e+01
1278.518 2.5514e+01
1278.812 2.5711e+01
1279.107 2.5864e+01
1279.401 2.6076e+01
1279.696 2.5931e+01
1279.991 2.6280e+01
1280.285 2.5962e+01
1280.580 2.5843e+01
1280.875 2.6040e+01
1281.170 2.6073e+01
1281.465 2.5922e+01
1281.760 2.5822e+01
1282.055 2.5672e+01
1282.350 2.5908e+01
1282.646 2.6162e+01
1282.941 2.5968e+01
1283.237 2.6444e+01
1283.532 2.5707e+01
1283.828 2.6051e+01
1284.124 2.5580e+01
1284.419 2.4853e+01
1284.715 2.4639e+01
1285.011 2.4742e+01
1285.307 2.5442e+01
1285.603 2.5581e+01
1285.899 2.5339e+01
1286.195 2.5387e+01
1286.491 2.5698e+01
1286.787 2.5846e+01
1287.083 2.6226e+01
1287.380 2.6138e+01
1287.676 2.6287e+01
1287.973 2.6024e+01
1288.270 2.5529e+01
1288.566 2.6633e+01
1288.863 2.6062e+01
1289.160 2.6305e+01
1289.457 2.6421e+01
1289.754 2.5956e+01
1290.051 2.5813e+01
1290.348 2.5999e+01
1290.645 2.5778e+01
1290.942 2.6004e+01
1291.239 2.5679e+01
1291.537 2.5522e+01
1291.834 2.6101e+01
1292.132 2.5611e+01
1292.429 2.5818e+01
1292.727 2.5929e+01
1293.025 2.5883e+01
1293.322 2.5963e+01
1293.620 2.5970e+01
1293.918 2.5555e+01
1294.216 2.6235e+01
1294.514 2.5927e+01
1294.812 2.5935e+01
1295.110 2.6107e+01
1295.408 2.5749e+01
1295.707 2.6341e+01
1296.005 2.5446e+01
1296.304 2.5383e+01
1296.602 2.5804e+01
1296.901 2.6015e+01
1297.200 2.5752e+01
1297.498 2.6008e+01
1297.797 2.6358e+01
1298.096 2.6132e+01
1298.395 2.5887e+01
1298.694 2.5836e+01
1298.993 2.5903e+01
1299.292 2.6123e+01
1299.591 2.6350e+01
1299.891 2.6013e+01
1300.190 2.5972e+01
1300.490 2.5756e+01
1300.789 2.5379e+01
1301.089 2.6152e+01
1301.388 2.6057e+01
1301.687 2.6780e+01
1301.988 2.6119e+01
1302.287 2.5567e+01
1302.587 2.6062e+01
1302.887 2.5792e+01
1303.188 2.5667e+01
1303.487 2.6080e+01
1303.787 2.5840e+01
1304.088 2.5415e+01
1304.388 2.5616e+01
1304.689 2.6013e+01
1304.989 2.5559e+01
1305.290 2.5631e+01
1305.590 2.6101e+01
1305.890 2.5997e+01
1306.191 2.5433e+01
1306.492 2.5566e+01
1306.793 2.5590e+01
1307.094 2.5335e+01
1307.395 2.5542e+01
1307.696 2.5894e+01
1307.997 2.5614e+01
1308.298 2.5959e+01
1308.599 2.5720e+01
1308.901 2.5796e+01
1309.202 2.6195e+01
1309.504 2.6517e+01
1309.805 2.6243e+01
1310.107 2.5792e+01
1310.409 2.5848e+01
1310.710 2.6213e+01
1311.012 2.4956e+01
1311.314 2.4631e+01
1311.616 2.6193e+01
1311.918 2.6480e+01
1312.220 2.5976e+01
1312.523 2.5927e+01
1312.825 2.5802e+01
1313.127 2.5777e+01
1313.429 2.6178e+01
1313.732 2.6028e+01
1314.035 2.5409e+01
1314.337 2.5382e+01
1314.640 2.5825e+01
1314.942 2.6137e+01
1315.246 2.5729e+01
1315.548 2.5688e+01
1315.851 2.6056e+01
1316.154 2.6010e+01
1316.457 2.5965e+01
1316.760 2.6144e+01
1317.063 2.5972e+01
1317.367 2.5336e+01
1317.670 2.5256e+01
1317.974 2.5071e+01
1318.277 2.5177e+01
1318.580 2.5673e+01
1318.885 2.6119e+01
1319.188 2.5856e+01
1319.492 2.4671e+01
1319.796 2.4996e+01
1320.100 2.5427e+01
1320.404 2.5418e+01
1320.708 2.6116e+01
1321.012 2.5731e+01
1321.316 2.5703e+01
1321.621 2.5578e+01
1321.925 2.5714e+01
1322.229 2.5856e+01
1322.534 2.5597e+01
1322.838 2.5823e+01
1323.143 2.5861e+01
1323.447 2.6231e+01
1323.753 2.6125e+01
1324.057 2.5480e+01
1324.363 2.5236e+01
1324.667 2.5813e+01
1324.973 2.5577e+01
1325.277 2.6085e+01
1325.582 2.6190e+01
1325.888 2.5782e+01
1326.193 2.6076e+01
1326.499 2.6108e+01
1326.804 2.6137e+01
1327.110 2.6511e+01
1327.415 2.6245e+01
1327.721 2.6048e+01
1328.027 2.6264e+01
1328.332 2.5336e+01
1328.638 2.5379e+01
1328.944 2.6209e+01
1329.251 2.5903e+01
1329.557 2.5522e+01
1329.862 2.6332e+01
1330.169 2.5559e+01
1330.475 2.5504e+01
1330.782 2.5901e+01
1331.088 2.5837e+01
1331.395 2.5652e+01
1331.701 2.6045e+01
1332.008 2.5956e+01
1332.315 2.5780e+01
1332.621 2.5790e+01
1332.928 2.6072e+01
1333.235 2.6265e+01
1333.543 2.5980e+01
1333.849 2.5922e+01
1334.156 2.5805e+01
1334.464 2.5626e+01
1334.771 2.5665e+01
1335.079 2.5934e+01
1335.386 2.6025e+01
1335.694 2.5712e+01
1336.001 2.6082e+01
1336.308 2.5933e+01
1336.616 2.5866e+01
1336.924 2.5992e+01
1337.232 2.5837e+01
1337.540 2.5775e+01
1337.848 2.5560e+01
1338.156 2.5917e+01
1338.464 2.6080e+01
1338.773 2.5781e+01
1339.081 2.5876e+01
1339.389 2.6412e+01
1339.697 2.5836e+01
1340.006 2.5794e+01
1340.315 2.5933e+01
1340.623 2.5939e+01
1340.932 2.5979e+01
1341.241 2.6060e+01
1341.550 2.5851e+01
1341.859 2.5765e+01
1342.168 2.5634e+01
1342.477 2.5564e+01
1342.786 2.5748e+01
1343.095 2.5903e+01
1343.404 2.6028e+01
1343.714 2.5756e+01
1344.023 2.5724e+01
1344.333 2.5912e+01
1344.642 2.5866e+01
1344.952 2.5807e+01
1345.262 2.5598e+01
1345.571 2.5766e+01
1345.881 2.5955e+01
1346.191 2.5835e+01
1346.501 2.5741e+01
1346.811 2.6011e+01
1347.122 2.6088e+01
1347.432 2.6201e+01
1347.742 2.5725e+01
1348.052 2.5488e+01
1348.363 2.5923e+01
1348.674 2.5664e+01
1348.984 2.6056e+01
1349.295 2.5812e+01
1349.605 2.5825e+01
1349.916 2.6051e+01
1350.227 2.5704e+01
1350.538 2.5828e+01
1350.849 2.6100e+01
1351.160 2.5805e+01
1351.471 2.5734e+01
1351.782 2.5972e+01
1352.093 2.5965e+01
1352.405 2.5809e+01
1352.716 2.5787e+01
1353.028 2.5727e+01
1353.339 2.5766e+01
1353.651 2.5710e+01
1353.963 2.5594e+01
1354.274 2.6318e+01
1354.587 2.5694e+01
1354.898 2.6043e+01
1355.211 2.6049e+01
1355.523 2.5531e+01
1355.835 2.5652e+01
1356.147 2.5968e+01
1356.459 2.5691e+01
1356.772 2.5685e+01
1357.084 2.5699e+01
1357.397 2.5588e+01
1357.709 2.5655e+01
1358.022 2.6046e+01
1358.335 2.5717e+01
1358.647 2.5484e+01
1358.960 2.5700e+01
1359.273 2.5996e+01
1359.587 2.5787e+01
1359.899 2.6050e+01
1360.213 2.5805e+01
1360.526 2.5887e+01
1360.839 2.6215e+01
1361.152 2.5953e+01
1361.466 2.5483e+01
1361.780 2.6085e+01
1362.093 2.5875e+01
1362.407 2.5825e+01
1362.720 2.5721e+01
1363.034 2.5750e+01
1363.348 2.6246e+01
1363.662 2.5795e+01
1363.976 2.5813e+01
1364.290 2.5369e+01
1364.605 2.5579e+01
1364.919 2.6442e+01
1365.233 2.5944e+01
1365.547 2.5849e+01
1365.862 2.5900e+01
1366.177 2.5877e+01
1366.491 2.5809e+01
1366.806 2.5747e+01
1367.120 2.5663e+01
1367.435 2.5571e+01
1367.750 2.5771e+01
1368.065 2.5889e+01
1368.380 2.5803e+01
1368.695 2.5668e+01
1369.011 2.5608e+01
1369.326 2.5585e+01
1369.641 2.5415e+01
1369.957 2.5738e+01
1370.272 2.6080e+01
1370.588 2.6047e+01
1370.903 2.6022e+01
1371.219 2.5582e+01
1371.535 2.5428e+01
1371.851 2.5687e+01
1372.166 2.5794e+01
1372.482 2.5653e+01
1372.799 2.5609e+01
1373.114 2.5221e+01
1373.431 2.5081e+01
1373.747 2.5518e+01
1374.064 2.5909e+01
1374.380 2.5793e+01
1374.696 2.5608e+01
1375.013 2.5027e+01
1375.329 2.5956e+01
1375.646 2.5588e+01
1375.963 2.5414e+01
1376.280 2.6052e+01
1376.597 2.5969e+01
1376.914 2.5762e+01
1377.231 2.6409e+01
1377.548 2.5912e+01
1377.866 2.5839e+01
1378.182 2.6262e+01
1378.500 2.5841e+01
1378.818 2.5716e+01
1379.135 2.5933e+01
1379.453 2.6205e+01
1379.770 2.6001e+01
1380.088 2.5678e+01
1380.406 2.5664e+01
1380.724 2.5766e+01
1381.042 2.6005e+01
1381.359 2.5549e+01
1381.678 2.5581e+01
1381.996 2.6101e+01
1382.314 2.5512e+01
1382.632 2.4722e+01
1382.951 2.5135e+01
1383.269 2.5992e+01
1383.588 2.6054e+01
1383.907 2.5678e+01
1384.225 2.5895e+01
1384.544 2.6226e+01
1384.863 2.5898e+01
1385.182 2.5797e+01
1385.501 2.5960e+01
1385.820 2.5800e+01
1386.139 2.5419e+01
1386.458 2.5952e+01
1386.778 2.5936e+01
1387.097 2.5668e+01
1387.417 2.5622e+01
1387.736 2.5661e+01
1388.055 2.5673e+01
1388.375 2.6182e+01
1388.694 2.5517e+01
1389.015 2.5539e+01
1389.334 2.5800e+01
1389.655 2.5756e+01
1389.974 2.5741e+01
1390.294 2.6181e+01
1390.615 2.5959e+01
1390.934 2.5911e+01
1391.255 2.6303e+01
1391.575 2.5696e+01
1391.896 2.4855e+01
1392.216 2.5469e+01
1392.537 2.5350e+01
1392.858 2.5567e+01
1393.178 2.5908e+01
1393.500 2.5656e+01
1393.820 2.5378e+01
1394.141 2.5549e+01
1394.462 2.5336e+01
1394.783 2.5586e+01
1395.105 2.5659e+01
1395.426 2.5220e+01
1395.747 2.5091e+01
1396.069 2.5747e+01
1396.391 2.5613e+01
1396.712 2.4786e+01
1397.034 2.4848e+01
1397.355 2.5663e+01
1397.677 2.5562e+01
1397.999 2.5704e+01
1398.320 2.6017e+01
1398.643 2.5860e+01
1398.965 2.5911e+01
1399.287 2.6139e+01
1399.609 2.5855e+01
1399.931 2.5873e+01
1400.254 2.5502e+01
1400.576 2.5319e+01
1400.899 2.5427e+01
1401.221 2.5743e+01
1401.544 2.6022e+01
1401.867 2.5935e+01
1402.189 2.5343e+01
1402.513 2.5768e+01
1402.835 2.5720e+01
1403.159 2.5152e+01
1403.482 2.5393e+01
1403.805 2.6049e+01
1404.128 2.5912e+01
1404.451 2.5844e+01
1404.775 2.5762e+01
1405.098 2.5759e+01
1405.422 2.6092e+01
1405.746 2.5750e+01
1406.070 2.5608e+01
1406.393 2.5459e+01
1406.717 2.5629e+01
1407.041 2.5758e+01
1407.365 2.5322e+01
1407.689 2.5531e+01
1408.013 2.5406e+01
1408.338 2.5707e+01
1408.662 2.6053e+01
1408.986 2.5413e+01
1409.311 2.4891e+01
1409.635 2.5699e+01
1409.960 2.5694e+01
1410.284 2.5803e+01
1410.610 2.5816e+01
1410.934 2.5662e+01
1411.259 2.5841e+01
1411.584 2.5585e+01
1411.909 2.5542e+01
1412.234 2.5530e+01
1412.559 2.5773e+01
1412.885 2.5979e+01
1413.210 2.5581e+01
1413.535 2.5658e+01
1413.861 2.5699e+01
1414.187 2.5822e+01
1414.513 2.5631e+01
1414.838 2.5584e+01
1415.164 2.6224e+01
1415.490 2.5639e+01
1415.816 2.5769e+01
1416.142 2.5819e+01
1416.468 2.5693e+01
1416.795 2.5693e+01
1417.120 2.5880e+01
1417.447 2.5899e+01
1417.773 2.5615e+01
1418.099 2.5848e+01
1418.426 2.6053e+01
1418.753 2.5765e+01
1419.080 2.5602e+01
1419.406 2.5734e+01
1419.734 2.5660e+01
1420.060 2.5687e+01
1420.387 2.5787e+01
1420.714 2.5865e+01
1421.041 2.5944e+01
1421.369 2.5988e+01
1421.696 2.6266e+01
1422.024 2.5911e+01
1422.351 2.5699e+01
1422.679 2.5823e+01
1423.006 2.5852e+01
1423.333 2.5760e+01
1423.662 2.5913e+01
1423.989 2.5870e+01
1424.318 2.5602e+01
1424.645 2.5482e+01
1424.974 2.5639e+01
1425.302 2.5598e+01
1425.630 2.5770e+01
1425.958 2.5741e+01
1426.286 2.5752e+01
1426.615 2.5982e+01
1426.943 2.6024e+01
1427.272 2.5652e+01
1427.601 2.6064e+01
1427.929 2.5526e+01
1428.259 2.5654e+01
1428.587 2.7030e+01
1428.916 2.6291e+01
1429.245 2.5926e+01
1429.575 2.5482e+01
1429.904 2.5660e+01
1430.233 2.5843e+01
1430.562 2.5769e+01
1430.891 2.5859e+01
1431.222 2.5334e+01
1431.551 2.5487e+01
1431.881 2.5786e+01
1432.210 2.5718e+01
1432.540 2.5583e+01
1432.870 2.5663e+01
1433.200 2.5267e+01
1433.530 2.5362e+01
1433.860 2.5426e+01
1434.191 2.5384e+01
1434.521 2.5448e+01
1434.851 2.5641e+01
1435.182 2.5587e+01
1435.512 2.5559e+01
1435.843 2.5546e+01
1436.173 2.5445e+01
1436.504 2.5449e+01
1436.835 2.5715e+01
1437.165 2.5595e+01
1437.497 2.5962e+01
1437.827 2.5714e+01
1438.159 2.5624e+01
1438.490 2.5823e+01
1438.821 2.5604e+01
1439.152 2.5767e+01
1439.484 2.5606e+01
1439.815 2.5714e+01
1440.147 2.5568e+01
1440.479 2.5269e+01
1440.810 2.5399e+01
1441.142 2.5621e+01
1441.474 2.5621e+01
1441.805 2.5741e+01
1442.138 2.5753e+01
1442.470 2.5600e+01
1442.802 2.5607e+01
1443.134 2.5732e+01
1443.467 2.6072e+01
1443.799 2.5873e+01
1444.131 2.5761e+01
1444.464 2.5899e+01
1444.797 2.5787e+01
1445.130 2.5791e+01
1445.462 2.6033e+01
1445.796 2.5692e+01
1446.128 2.5626e+01
1446.461 2.5982e+01
1446.794 2.5863e+01
1447.127 2.5628e+01
1447.461 2.6521e+01
1447.794 2.5798e+01
1448.128 2.5435e+01
1448.461 2.5768e+01
1448.795 2.5805e+01
1449.128 2.5946e+01
1449.462 2.5386e+01
1449.796 2.5752e+01
1450.129 2.5873e+01
1450.464 2.5436e+01
1450.797 2.5675e+01
1451.132 2.5286e+01
1451.466 2.5651e+01
1451.800 2.5333e+01
1452.135 2.4924e+01
1452.469 2.5166e+01
1452.803 2.6577e+01
1453.138 2.5601e+01
1453.473 2.5080e+01
1453.807 2.5260e+01
1454.142 2.5535e+01
1454.477 2.5560e+01
1454.812 2.5797e+01
1455.147 2.5665e+01
1455.482 2.5583e+01
1455.817 2.5642e+01
1456.152 2.5532e+01
1456.487 2.5417e+01
1456.823 2.5638e+01
1457.158 2.5633e+01
1457.494 2.5781e+01
1457.830 2.5513e+01
1458.166 2.5466e+01
1458.501 2.5720e+01
1458.837 2.5589e+01
1459.173 2.5518e+01
1459.509 2.5724e+01
1459.845 2.5650e+01
1460.181 2.5583e+01
1460.518 2.5657e+01
1460.854 2.5622e+01
1461.190 2.5754e+01
1461.527 2.5433e+01
1461.863 2.5429e+01
1462.200 2.5470e+01
1462.536 2.4884e+01
1462.874 2.4314e+01
1463.210 2.4777e+01
1463.547 2.5551e+01
1463.884 2.5038e+01
1464.221 2.4738e+01
1464.559 2.5123e+01
1464.896 2.5685e+01
1465.234 2.5510e+01
1465.571 2.5435e+01
1465.908 2.5513e+01
1466.246 2.5347e+01
1466.583 2.5327e+01
1466.921 2.6055e+01
1467.259 2.5518e+01
1467.597 2.5888e+01
1467.935 2.5969e+01
1468.272 2.5683e+01
1468.611 2.5849e+01
1468.949 2.6339e+01
1469.288 2.5160e+01
1469.626 2.5165e+01
1469.964 2.5604e+01
1470.303 2.5798e+01
1470.641 2.5646e+01
1470.980 2.5683e+01
1471.318 2.5389e+01
1471.658 2.5462e+01
1471.996 2.4903e+01
1472.336 2.4847e+01
1472.675 2.5346e+01
1473.013 2.5228e+01
1473.353 2.5524e+01
1473.692 2.5397e+01
1474.032 2.5388e+01
1474.371 2.5291e+01
1474.711 2.5110e+01
1475.050 2.5121e+01
1475.390 2.4936e+01
1475.730 2.5368e+01
1476.069 2.5703e+01
1476.410 2.5630e+01
1476.749 2.5312e+01
1477.090 2.5106e+01
1477.429 2.6529e+01
1477.770 2.4507e+01
1478.110 2.4178e+01
1478.450 2.4677e+01
1478.791 2.5627e+01
1479.131 2.5387e+01
1479.472 2.5509e+01
1479.813 2.5948e+01
1480.154 2.5446e+01
1480.495 2.5457e+01
1480.835 2.5898e+01
1481.177 2.5265e+01
1481.517 2.5849e+01
1481.859 2.5467e+01
1482.200 2.5121e+01
1482.542 2.5459e+01
1482.883 2.6151e+01
1483.224 2.5543e+01
1483.566 2.5871e+01
1483.907 2.5088e+01
1484.249 2.5161e+01
1484.591 2.5313e+01
1484.933 2.5207e+01
1485.275 2.5781e+01
1485.616 2.5517e+01
1485.959 2.5432e+01
1486.301 2.5755e+01
1486.644 2.5872e+01
1486.985 2.5583e+01
1487.328 2.5558e+01
1487.671 2.5552e+01
1488.013 2.5575e+01
1488.356 2.5432e+01
1488.698 2.5426e+01
1489.042 2.5272e+01
1489.384 2.4870e+01
1489.728 2.5705e+01
1490.070 2.6440e+01
1490.413 2.5623e+01
1490.757 2.5431e+01
1491.100 2.5293e+01
1491.444 2.4635e+01
1491.787 2.5331e+01
1492.131 2.5370e+01
1492.474 2.5859e+01
1492.817 2.5900e+01
1493.161 2.5288e+01
1493.505 2.5607e+01
1493.850 2.5656e+01
1494.193 2.6117e+01
1494.538 2.5669e+01
1494.881 2.5675e+01
1495.225 2.6279e+01
1495.570 2.5504e+01
1495.914 2.5278e+01
1496.259 2.5779e+01
1496.603 2.5593e+01
1496.949 2.5555e+01
1497.293 2.5851e+01
1497.637 2.5353e+01
1497.983 2.5716e+01
1498.327 2.5238e+01
1498.673 2.5402e+01
1499.018 2.5663e+01
1499.363 2.5361e+01
1499.708 2.5344e+01
1500.053 2.5594e+01
1500.399 2.5474e+01
1500.744 2.5684e+01
1501.090 2.5783e+01
1501.436 2.5584e+01
1501.782 2.5851e+01
1502.127 2.5919e+01
1502.474 2.5452e+01
1502.819 2.5375e+01
1503.165 2.5538e+01
1503.512 2.5707e+01
1503.858 2.5764e+01
1504.204 2.5365e+01
1504.551 2.5794e+01
1504.897 2.5957e+01
1505.244 2.5556e+01
1505.590 2.5376e+01
1505.937 2.5598e+01
1506.284 2.5697e+01
1506.631 2.5619e+01
1506.977 2.5498e+01
1507.325 2.5543e+01
1507.672 2.5652e+01
1508.019 2.5432e+01
1508.366 2.5204e+01
1508.713 2.5861e+01
1509.061 2.5706e+01
1509.408 2.5544e+01
1509.756 2.5843e+01
1510.104 2.5421e+01
1510.451 2.5434e+01
1510.799 2.5421e+01
1511.147 2.5284e+01
1511.495 2.5432e+01
1511.843 2.6046e+01
1512.192 2.6148e+01
1512.540 2.5428e+01
1512.888 2.5807e+01
1513.237 2.5803e+01
1513.584 2.5551e+01
1513.934 2.5498e+01
1514.282 2.5365e+01
1514.631 2.5625e+01
1514.979 2.5415e+01
1515.328 2.5465e+01
1515.677 2.5688e+01
1516.026 2.5720e+01
1516.376 2.5590e+01
1516.725 2.5337e+01
1517.074 2.5897e+01
1517.423 2.5410e+01
1517.772 2.5196e+01
1518.122 2.5544e+01
1518.472 2.5263e+01
1518.822 2.5605e+01
1519.171 2.5237e+01
1519.522 2.5530e+01
1519.871 2.6050e+01
1520.221 2.5459e+01
1520.571 2.4986e+01
1520.921 2.5278e+01
1521.272 2.5375e+01
1521.622 2.5799e+01
1521.973 2.5953e+01
1522.323 2.5569e+01
1522.673 2.5710e+01
1523.024 2.5469e+01
1523.375 2.5585e+01
1523.726 2.5642e+01
1524.076 2.5406e+01
1524.428 2.5229e+01
1524.778 2.5404e+01
1525.129 2.5589e+01
1525.481 2.5607e+01
1525.832 2.5546e+01
1526.184 2.5441e+01
1526.535 2.5479e+01
1526.887 2.5837e+01
1527.238 2.5602e+01
1527.589 2.5336e+01
1527.942 2.5594e+01
1528.293 2.5622e+01
1528.646 2.5378e+01
1528.997 2.5968e+01
1529.350 2.5924e+01
1529.702 2.5476e+01
1530.054 2.5626e+01
1530.406 2.5766e+01
1530.759 2.5386e+01
1531.112 2.5247e+01
1531.464 2.5642e+01
1531.817 2.5667e+01
1532.169 2.5571e+01
1532.523 2.5504e+01
1532.875 2.5502e+01
1533.228 2.5724e+01
1533.581 2.5944e+01
1533.934 2.5685e+01
1534.288 2.5404e+01
1534.641 2.5528e+01
1534.995 2.5913e+01
1535.348 2.5621e+01
1535.701 2.5358e+01
1536.055 2.5360e+01
1536.408 2.5370e+01
1536.763 2.5588e+01
1537.116 2.5770e+01
1537.471 2.5276e+01
1537.825 2.5438e+01
1538.178 2.5362e+01
1538.533 2.5030e+01
1538.887 2.5130e+01
1539.242 2.5735e+01
1539.596 2.5535e+01
1539.951 2.5272e+01
1540.305 2.6152e+01
1540.660 2.5797e+01
1541.015 2.5392e+01
1541.369 2.5723e+01
1541.725 2.5560e+01
1542.080 2.5226e+01
1542.435 2.4789e+01
1542.790 2.4848e+01
1543.145 2.4537e+01
1543.501 2.4199e+01
1543.856 2.4879e+01
1544.212 2.5429e+01
1544.567 2.5221e+01
1544.923 2.4430e+01
1545.279 2.4499e+01
1545.634 2.5868e+01
1545.990 2.5617e+01
1546.346 2.5490e+01
1546.703 2.5712e+01
1547.059 2.5095e+01
1547.415 2.4783e+01
1547.771 2.4981e+01
1548.127 2.5099e+01
1548.484 2.5314e+01
1548.840 2.5610e+01
1549.198 2.5472e+01
1549.554 2.5268e+01
1549.911 2.5224e+01
1550.268 2.5111e+01
1550.625 2.5109e+01
1550.982 2.5195e+01
1551.339 2.5016e+01
1551.697 2.5149e+01
1552.054 2.5382e+01
1552.411 2.4980e+01
1552.769 2.5262e+01
1553.126 2.3751e+01
1553.484 2.7038e+01
1553.841 2.4063e+01
1554.200 2.5344e+01
1554.557 2.5315e+01
1554.916 2.5156e+01
1555.273 2.5219e+01
1555.632 2.5364e+01
1555.990 2.5283e+01
1556.348 2.5138e+01
1556.707 2.5422e+01
1557.065 2.5890e+01
1557.424 2.5333e+01
1557.782 2.4903e+01
1558.142 2.4743e+01
1558.500 2.4927e+01
1558.858 2.5857e+01
1559.218 2.5752e+01
1559.577 2.5058e+01
1559.936 2.5261e+01
1560.295 2.5082e+01
1560.655 2.4510e+01
1561.014 2.4768e+01
1561.373 2.5091e+01
1561.733 2.5185e+01
1562.092 2.5125e+01
1562.453 2.5051e+01
1562.812 2.4718e+01
1563.172 2.4650e+01
1563.532 2.4512e+01
1563.892 2.4454e+01
1564.252 2.3555e+01
1564.612 2.4114e+01
1564.973 2.5980e+01
1565.333 2.5050e+01
1565.694 2.5345e+01
1566.054 2.5655e+01
1566.414 2.6108e+01
1566.776 2.7416e+01
1567.136 2.7011e+01
1567.498 2.4260e+01
1567.858 2.4908e+01
1568.219 2.5104e+01
1568.580 2.5143e+01
1568.941 2.4884e+01
1569.303 2.5370e+01
1569.664 2.4399e+01
1570.026 2.4979e+01
1570.387 2.4676e+01
1570.749 2.4764e+01
1571.111 2.5681e+01
1571.472 2.4973e+01
1571.834 2.5414e+01
1572.196 2.5219e+01
1572.559 2.5235e+01
1572.920 2.5260e+01
1573.283 2.5122e+01
1573.645 2.5055e+01
1574.007 2.5234e+01
1574.370 2.4921e+01
1574.732 2.4295e+01
1575.095 2.4344e+01
1575.458 2.4594e+01
1575.821 2.4715e+01
1576.183 2.5699e+01
1576.546 2.5730e+01
1576.910 2.5149e+01
1577.272 2.4248e+01
1577.636 2.3921e+01
1577.999 2.4315e+01
1578.363 2.5715e+01
1578.726 2.5234e+01
1579.089 2.5146e+01
1579.453 2.5166e+01
1579.817 2.5084e+01
1580.181 2.5136e+01
1580.544 2.5386e+01
1580.909 2.5136e+01
1581.273 2.5581e+01
1581.636 2.5448e+01
1582.001 2.5342e+01
1582.365 2.5642e+01
1582.730 2.4981e+01
1583.094 2.4529e+01
1583.459 2.5002e+01
1583.823 2.5318e+01
1584.189 2.5543e+01
1584.553 2.5709e+01
1584.918 2.4647e+01
1585.283 2.4707e+01
1585.648 2.4676e+01
1586.013 2.4861e+01
1586.378 2.4996e+01
1586.744 2.4840e+01
1587.109 2.4978e+01
1587.474 2.5054e+01
1587.840 2.5071e+01
1588.206 2.5156e+01
1588.572 2.5251e+01
1588.937 2.5046e+01
1589.304 2.4781e+01
1589.669 2.6195e+01
1590.035 2.5056e+01
1590.402 2.4757e+01
1590.768 2.5069e+01
1591.134 2.5073e+01
1591.500 2.4663e+01
1591.867 2.4602e+01
1592.234 2.4823e+01
1592.600 2.5086e+01
1592.967 2.5752e+01
1593.334 2.6735e+01
1593.701 2.5084e+01
1594.068 2.4491e+01
1594.435 2.4514e+01
1594.802 2.4545e+01
1595.169 2.4530e+01
1595.537 2.4632e+01
1595.904 2.4779e+01
1596.272 2.4945e+01
1596.639 2.5141e+01
1597.007 2.5060e+01
1597.375 2.5100e+01
1597.742 2.5272e+01
1598.110 2.4911e+01
1598.478 2.5186e+01
1598.847 2.5269e+01
1599.215 2.5100e+01
1599.583 2.5128e+01
1599.951 2.5238e+01
1600.319 2.4889e+01
1600.688 2.4972e+01
1601.057 2.5200e+01
1601.426 2.5042e+01
1601.794 2.4874e+01
1602.164 2.4853e+01
1602.532 2.4744e+01
1602.901 2.5359e+01
1603.271 2.4734e+01
1603.639 2.4844e+01
1604.009 2.4997e+01
1604.378 2.4507e+01
1604.748 2.4674e+01
1605.117 2.5341e+01
1605.486 2.5068e+01
1605.857 2.4758e+01
1606.226 2.5070e+01
1606.597 2.5511e+01
1606.966 2.4505e+01
1607.337 2.4193e+01
1607.707 2.4511e+01
1608.076 2.4792e+01
1608.447 2.4837e+01
1608.817 2.4767e+01
1609.188 2.4481e+01
1609.558 2.4977e+01
1609.929 2.5076e+01
1610.300 2.4642e+01
1610.670 2.4134e+01
1611.042 2.4064e+01
1611.412 2.5261e+01
1611.784 2.4962e+01
1612.155 2.5090e+01
1612.527 2.5042e+01
1612.897 2.4957e+01
1613.270 2.4804e+01
1613.641 2.4243e+01
1614.012 2.4930e+01
1614.384 2.4733e+01
1614.755 2.4627e+01
1615.128 2.4718e+01
1615.499 2.4678e+01
1615.872 2.4939e+01
1616.244 2.5006e+01
1616.615 2.4998e+01
1616.988 2.4876e+01
1617.360 2.4921e+01
1617.733 2.5218e+01
1618.105 2.5216e+01
1618.479 2.5086e+01
1618.851 2.5283e+01
1619.223 2.5097e+01
1619.597 2.4776e+01
1619.969 2.4749e+01
1620.343 2.5010e+01
1620.715 2.5471e+01
1621.089 2.6525e+01
1621.462 2.4971e+01
1621.835 2.5232e+01
1622.209 2.4700e+01
1622.582 2.3396e+01
1622.957 2.4139e+01
1623.330 2.4331e+01
1623.704 2.4207e+01
1624.078 2.4126e+01
1624.451 2.4134e+01
1624.826 2.4991e+01
1625.200 2.4611e+01
1625.574 2.4222e+01
1625.948 2.4178e+01
1626.323 2.4431e+01
1626.697 2.4799e+01
1627.072 2.4759e+01
1627.447 2.4650e+01
1627.821 2.4826e+01
1628.197 2.4663e+01
1628.571 2.4597e+01
1628.947 2.4841e+01
1629.321 2.4611e+01
1629.696 2.4740e+01
1630.072 2.4709e+01
1630.447 2.4829e+01
1630.823 2.4906e+01
1631.198 2.4602e+01
1631.574 2.4220e+01
1631.950 2.3805e+01
1632.325 2.3631e+01
1632.701 2.3321e+01
1633.077 2.3374e+01
1633.454 2.4164e+01
1633.830 2.4641e+01
1634.206 2.4722e+01
1634.582 2.5182e+01
1634.958 2.5283e+01
1635.335 2.4451e+01
1635.712 2.3858e+01
1636.089 2.3857e+01
1636.465 2.4224e+01
1636.842 2.4532e+01
1637.219 2.4744e+01
1637.596 2.4527e+01
1637.973 2.4228e+01
1638.350 2.4628e+01
1638.728 2.4874e+01
1639.105 2.4682e+01
1639.483 2.4474e+01
1639.860 2.4232e+01
1640.237 2.4193e+01
1640.615 2.4878e+01
1640.993 2.4390e+01
1641.371 2.4880e+01
1641.749 2.5011e+01
1642.128 2.4627e+01
1642.505 2.4195e+01
1642.884 2.3537e+01
1643.262 2.3957e+01
1643.640 2.4345e+01
1644.019 2.4629e+01
1644.397 2.4459e+01
1644.776 2.4201e+01
1645.155 2.4884e+01
1645.534 2.4162e+01
1645.913 2.4686e+01
1646.291 2.4531e+01
1646.671 2.4999e+01
1647.050 2.6623e+01
1647.430 2.3681e+01
1647.809 2.3877e+01
1648.188 2.4514e+01
1648.568 2.4377e+01
1648.947 2.4140e+01
1649.327 2.4583e+01
1649.707 2.4931e+01
1650.087 2.3641e+01
1650.467 2.3879e+01
1650.847 2.3915e+01
1651.227 2.3808e+01
1651.607 2.4197e+01
1651.988 2.4076e+01
1652.368 2.4018e+01
1652.749 2.4100e+01
1653.129 2.3966e+01
1653.510 2.4000e+01
1653.891 2.4476e+01
1654.271 2.4572e+01
1654.652 2.4609e+01
1655.033 2.4377e+01
1655.415 2.4660e+01
1655.796 2.4839e+01
1656.177 2.4375e+01
1656.558 2.4394e+01
1656.940 2.3882e+01
1657.321 2.4727e+01
1657.703 2.5607e+01
1658.085 2.5601e+01
1658.468 2.6041e+01
1658.848 2.4466e+01
1659.231 2.6689e+01
1659.613 2.3822e+01
1659.994 2.3815e+01
1660.377 2.4667e+01
1660.760 2.4159e+01
1661.143 2.3966e+01
1661.524 2.3521e+01
1661.907 2.3769e+01
1662.291 2.4245e+01
1662.672 2.4507e+01
1663.055 2.4498e+01
1663.439 2.4280e+01
1663.822 2.4584e+01
1664.204 2.4728e+01
1664.588 2.4439e+01
1664.972 2.4446e+01
1665.354 2.4900e+01
1665.738 2.4591e+01
1666.122 2.4515e+01
1666.506 2.4941e+01
1666.889 2.4338e+01
1667.273 2.3952e+01
1667.658 2.4200e+01
1668.040 2.4208e+01
1668.425 2.4589e+01
1668.810 2.4040e+01
1669.195 2.4402e+01
1669.578 2.5448e+01
1669.963 2.4249e+01
1670.348 2.3558e+01
1670.731 2.3845e+01
1671.116 2.3794e+01
1671.502 2.4064e+01
1671.887 2.4456e+01
1672.271 2.4214e+01
1672.656 2.4437e+01
1673.042 2.4160e+01
1673.426 2.4630e+01
1673.812 2.3979e+01
1674.198 2.3403e+01
1674.584 2.3585e+01
1674.969 2.4139e+01
1675.355 2.3546e+01
1675.741 2.4852e+01
1676.126 2.5764e+01
1676.512 2.4043e+01
1676.899 2.3791e+01
1677.285 2.3908e+01
1677.670 2.3774e+01
1678.057 2.3645e+01
1678.444 2.4461e+01
1678.829 2.5059e+01
1679.216 2.3885e+01
1679.604 2.4526e+01
1679.991 2.4096e+01
1680.377 2.4148e+01
1680.764 2.4362e+01
1681.152 2.4189e+01
1681.537 2.3769e+01
1681.925 2.3478e+01
1682.313 2.3451e+01
1682.701 2.4136e+01
1683.087 2.4574e+01
1683.475 2.4415e+01
1683.864 2.4669e+01
1684.250 2.4328e+01
1684.638 2.3672e+01
1685.027 2.3994e+01
1685.415 2.3969e+01
1685.802 2.3944e+01
1686.191 2.4938e+01
1686.580 2.4819e+01
1686.969 2.4300e+01
1687.356 2.3518e+01
1687.745 2.4177e+01
1688.134 2.5845e+01
1688.521 2.3804e+01
1688.911 2.3648e+01
1689.301 2.4022e+01
1689.690 2.3274e+01
1690.078 2.3515e+01
1690.468 2.4891e+01
1690.857 2.4265e+01
1691.245 2.3549e+01
1691.635 2.4228e+01
1692.025 2.3204e+01
1692.416 2.3694e+01
1692.804 2.6234e+01
1693.194 2.4295e+01
1693.585 2.3677e+01
1693.973 2.3955e+01
1694.364 2.4008e+01
1694.755 2.3929e+01
1695.146 2.3757e+01
1695.535 2.3709e+01
1695.926 2.4444e+01
1696.317 2.3861e+01
1696.706 2.3703e+01
1697.097 2.4029e+01
1697.489 2.4315e+01
1697.880 2.4136e+01
1698.270 2.4191e+01
1698.661 2.3754e+01
1699.053 2.4298e+01
1699.443 2.3964e+01
1699.835 2.3976e+01
1700.227 2.7883e+01
1700.619 2.4006e+01
1701.009 2.3699e+01
1701.401 2.3614e+01
1701.794 2.4136e+01
1702.184 2.4138e+01
1702.577 2.3683e+01
1702.969 2.5500e+01
1703.362 2.3449e+01
1703.753 2.2693e+01
1704.146 2.3838e+01
1704.539 2.4464e+01
1704.930 2.3669e+01
1705.323 2.3572e+01
1705.717 2.6249e+01
1706.110 2.4468e+01
1706.501 2.3576e+01
1706.895 2.3659e+01
1707.289 2.3699e+01
1707.680 2.3649e+01
1708.074 2.3807e+01
1708.468 2.2917e+01
1708.862 2.3667e+01
1709.254 2.4864e+01
1709.648 2.3907e+01
1710.042 2.3433e+01
1710.435 2.4152e+01
1710.829 2.4038e+01
1711.224 2.4542e+01
1711.619 2.5935e+01
1712.011 2.4568e+01
1712.406 2.4661e+01
