# PFS Configuration File
# 2021 Dec 20 : throughput model : 20211220sm1
#
OPTICS 8.3 0.22 0.65 23.39 23.92 24.48 25.07 25.68
SPOT 7.1 8.4 9.7 11.2 13.2
VIGNET 0.94 0.90 0.84 0.78 0.71
FIBER 63.5
ARMS 3
HGCDTE 2
MEDIUM_RESOLUTION 1
PARAM 0 380 650 4096 5
PARAM 1 710 885 4096 5
PARAM 2 940 1260 4096 5
CAMERA 0 1.10 100 15.0 173 14.1 47.0 2.0e-4 4 100
CAMERA 1 1.10 250 15.0 173 14.1 47.0 1.0e-4 4 100
CAMERA 2 1.10  20 15.0 100 14.1 47.0 0.01   4 100
NLINES 0 6.73e4
NLINES 1 5.57e4
NLINES 2 5.91e4
THRPUT
 380.0  0.0389  1.0000  1.0000  1.0000  1.0000  0.0389
 390.0  0.0532  1.0000  1.0000  1.0000  1.0000  0.0532
 400.0  0.0748  1.0000  1.0000  1.0000  1.0000  0.0748
 410.0  0.0868  1.0000  1.0000  1.0000  1.0000  0.0868
 420.0  0.0981  1.0000  1.0000  1.0000  1.0000  0.0981
 430.0  0.1111  1.0000  1.0000  1.0000  1.0000  0.1111
 440.0  0.1218  1.0000  1.0000  1.0000  1.0000  0.1218
 450.0  0.1308  1.0000  1.0000  1.0000  1.0000  0.1308
 460.0  0.1425  1.0000  1.0000  1.0000  1.0000  0.1425
 470.0  0.1578  1.0000  1.0000  1.0000  1.0000  0.1578
 480.0  0.1690  1.0000  1.0000  1.0000  1.0000  0.1690
 490.0  0.1759  1.0000  1.0000  1.0000  1.0000  0.1759
 500.0  0.1847  1.0000  1.0000  1.0000  1.0000  0.1847
 510.0  0.1841  1.0000  1.0000  1.0000  1.0000  0.1841
 520.0  0.1914  1.0000  1.0000  1.0000  1.0000  0.1914
 530.0  0.1991  1.0000  1.0000  1.0000  1.0000  0.1991
 540.0  0.2062  1.0000  1.0000  1.0000  1.0000  0.2062
 550.0  0.2106  1.0000  1.0000  1.0000  1.0000  0.2106
 560.0  0.2145  1.0000  1.0000  1.0000  1.0000  0.2145
 570.0  0.2148  1.0000  1.0000  1.0000  1.0000  0.2148
 580.0  0.2140  1.0000  1.0000  1.0000  1.0000  0.2140
 590.0  0.2136  1.0000  1.0000  1.0000  1.0000  0.2136
 600.0  0.2123  1.0000  1.0000  1.0000  1.0000  0.2123
 610.0  0.2060  1.0000  1.0000  1.0000  1.0000  0.2060
 620.0  0.2011  1.0000  1.0000  1.0000  1.0000  0.2011
 630.0  0.1892  1.0000  1.0000  1.0000  1.0000  0.1892
 640.0  0.1145  1.0000  1.0000  1.0000  1.0000  0.1145
 650.0  0.0302  1.0000  1.0000  1.0000  1.0000  0.0302
D
 710.0  0.2518  1.0000  1.0000  1.0000  1.0000  0.2518
 715.0  0.2462  1.0000  1.0000  1.0000  1.0000  0.2462
 720.0  0.2404  1.0000  1.0000  1.0000  1.0000  0.2404
 725.0  0.2397  1.0000  1.0000  1.0000  1.0000  0.2397
 730.0  0.2427  1.0000  1.0000  1.0000  1.0000  0.2427
 735.0  0.2474  1.0000  1.0000  1.0000  1.0000  0.2474
 740.0  0.2486  1.0000  1.0000  1.0000  1.0000  0.2486
 745.0  0.2467  1.0000  1.0000  1.0000  1.0000  0.2467
 750.0  0.2451  1.0000  1.0000  1.0000  1.0000  0.2451
 755.0  0.2475  1.0000  1.0000  1.0000  1.0000  0.2475
 760.0  0.2524  1.0000  1.0000  1.0000  1.0000  0.2524
 765.0  0.2545  1.0000  1.0000  1.0000  1.0000  0.2545
 770.0  0.2579  1.0000  1.0000  1.0000  1.0000  0.2579
 775.0  0.2565  1.0000  1.0000  1.0000  1.0000  0.2565
 780.0  0.2524  1.0000  1.0000  1.0000  1.0000  0.2524
 785.0  0.2501  1.0000  1.0000  1.0000  1.0000  0.2501
 790.0  0.2498  1.0000  1.0000  1.0000  1.0000  0.2498
 795.0  0.2521  1.0000  1.0000  1.0000  1.0000  0.2521
 800.0  0.2521  1.0000  1.0000  1.0000  1.0000  0.2521
 805.0  0.2547  1.0000  1.0000  1.0000  1.0000  0.2547
 810.0  0.2537  1.0000  1.0000  1.0000  1.0000  0.2537
 815.0  0.2497  1.0000  1.0000  1.0000  1.0000  0.2497
 820.0  0.2466  1.0000  1.0000  1.0000  1.0000  0.2466
 825.0  0.2446  1.0000  1.0000  1.0000  1.0000  0.2446
 830.0  0.2446  1.0000  1.0000  1.0000  1.0000  0.2446
 835.0  0.2452  1.0000  1.0000  1.0000  1.0000  0.2452
 840.0  0.2469  1.0000  1.0000  1.0000  1.0000  0.2469
 845.0  0.2450  1.0000  1.0000  1.0000  1.0000  0.2450
 850.0  0.2444  1.0000  1.0000  1.0000  1.0000  0.2444
 855.0  0.2378  1.0000  1.0000  1.0000  1.0000  0.2378
 860.0  0.2317  1.0000  1.0000  1.0000  1.0000  0.2317
 865.0  0.2258  1.0000  1.0000  1.0000  1.0000  0.2258
 870.0  0.2280  1.0000  1.0000  1.0000  1.0000  0.2280
 875.0  0.2212  1.0000  1.0000  1.0000  1.0000  0.2212
 880.0  0.2237  1.0000  1.0000  1.0000  1.0000  0.2237
 885.0  0.2208  1.0000  1.0000  1.0000  1.0000  0.2208
D
 940.0  0.0006  1.0000  1.0000  1.0000  1.0000  0.0006
 950.0  0.0132  1.0000  1.0000  1.0000  1.0000  0.0132
 960.0  0.0804  1.0000  1.0000  1.0000  1.0000  0.0804
 970.0  0.1261  1.0000  1.0000  1.0000  1.0000  0.1261
 980.0  0.1770  1.0000  1.0000  1.0000  1.0000  0.1770
 990.0  0.1817  1.0000  1.0000  1.0000  1.0000  0.1817
1000.0  0.1869  1.0000  1.0000  1.0000  1.0000  0.1869
1010.0  0.1853  1.0000  1.0000  1.0000  1.0000  0.1853
1020.0  0.1845  1.0000  1.0000  1.0000  1.0000  0.1845
1030.0  0.1847  1.0000  1.0000  1.0000  1.0000  0.1847
1040.0  0.1867  1.0000  1.0000  1.0000  1.0000  0.1867
1050.0  0.1905  1.0000  1.0000  1.0000  1.0000  0.1905
1060.0  0.1936  1.0000  1.0000  1.0000  1.0000  0.1936
1070.0  0.1963  1.0000  1.0000  1.0000  1.0000  0.1963
1080.0  0.1964  1.0000  1.0000  1.0000  1.0000  0.1964
1090.0  0.1943  1.0000  1.0000  1.0000  1.0000  0.1943
1100.0  0.1948  1.0000  1.0000  1.0000  1.0000  0.1948
1110.0  0.1938  1.0000  1.0000  1.0000  1.0000  0.1938
1120.0  0.1938  1.0000  1.0000  1.0000  1.0000  0.1938
1130.0  0.1943  1.0000  1.0000  1.0000  1.0000  0.1943
1140.0  0.1938  1.0000  1.0000  1.0000  1.0000  0.1938
1150.0  0.1906  1.0000  1.0000  1.0000  1.0000  0.1906
1160.0  0.1861  1.0000  1.0000  1.0000  1.0000  0.1861
1170.0  0.1788  1.0000  1.0000  1.0000  1.0000  0.1788
1180.0  0.1715  1.0000  1.0000  1.0000  1.0000  0.1715
1190.0  0.1655  1.0000  1.0000  1.0000  1.0000  0.1655
1200.0  0.1608  1.0000  1.0000  1.0000  1.0000  0.1608
1210.0  0.1567  1.0000  1.0000  1.0000  1.0000  0.1567
1220.0  0.1533  1.0000  1.0000  1.0000  1.0000  0.1533
1230.0  0.1494  1.0000  1.0000  1.0000  1.0000  0.1494
1240.0  0.1400  1.0000  1.0000  1.0000  1.0000  0.1400
1250.0  0.1346  1.0000  1.0000  1.0000  1.0000  0.1346
1260.0  0.1339  1.0000  1.0000  1.0000  1.0000  0.1339
D
