# PFS Configuration File
# 2023 Oct 01 : throughput model : 20231001
#
OPTICS 8.3 0.22 0.65 23.39 23.92 24.48 25.07 25.68
SPOT 7.1 8.4 9.7 11.2 13.2
VIGNET 0.94 0.90 0.84 0.78 0.71
FIBER 63.5
ARMS 3
HGCDTE 2
MEDIUM_RESOLUTION 1
PARAM 0 380 650 4096 5
PARAM 1 710 885 4096 5
PARAM 2 940 1260 4096 5
CAMERA 0 1.10 100 15.0 173 14.1 47.0 2.0e-4 4 100
CAMERA 1 1.10 250 15.0 173 14.1 47.0 1.0e-4 4 100
CAMERA 2 1.10  20 15.0 100 14.1 47.0 0.01   4 100
NLINES 0 6.73e4
NLINES 1 5.57e4
NLINES 2 5.91e4
THRPUT
 380.0  0.0222  1.0000  1.0000  1.0000  1.0000  0.0222
 385.0  0.0325  1.0000  1.0000  1.0000  1.0000  0.0325
 390.0  0.0369  1.0000  1.0000  1.0000  1.0000  0.0369
 395.0  0.0409  1.0000  1.0000  1.0000  1.0000  0.0409
 400.0  0.0459  1.0000  1.0000  1.0000  1.0000  0.0459
 405.0  0.0516  1.0000  1.0000  1.0000  1.0000  0.0516
 410.0  0.0565  1.0000  1.0000  1.0000  1.0000  0.0565
 415.0  0.0644  1.0000  1.0000  1.0000  1.0000  0.0644
 420.0  0.0725  1.0000  1.0000  1.0000  1.0000  0.0725
 425.0  0.0726  1.0000  1.0000  1.0000  1.0000  0.0726
 430.0  0.0728  1.0000  1.0000  1.0000  1.0000  0.0728
 435.0  0.0770  1.0000  1.0000  1.0000  1.0000  0.0770
 440.0  0.0802  1.0000  1.0000  1.0000  1.0000  0.0802
 445.0  0.0805  1.0000  1.0000  1.0000  1.0000  0.0805
 450.0  0.0809  1.0000  1.0000  1.0000  1.0000  0.0809
 455.0  0.0860  1.0000  1.0000  1.0000  1.0000  0.0860
 460.0  0.0923  1.0000  1.0000  1.0000  1.0000  0.0923
 465.0  0.0930  1.0000  1.0000  1.0000  1.0000  0.0930
 470.0  0.0934  1.0000  1.0000  1.0000  1.0000  0.0934
 475.0  0.0993  1.0000  1.0000  1.0000  1.0000  0.0993
 480.0  0.1045  1.0000  1.0000  1.0000  1.0000  0.1045
 485.0  0.1031  1.0000  1.0000  1.0000  1.0000  0.1031
 490.0  0.1012  1.0000  1.0000  1.0000  1.0000  0.1012
 495.0  0.1051  1.0000  1.0000  1.0000  1.0000  0.1051
 500.0  0.1094  1.0000  1.0000  1.0000  1.0000  0.1094
 505.0  0.1079  1.0000  1.0000  1.0000  1.0000  0.1079
 510.0  0.1044  1.0000  1.0000  1.0000  1.0000  0.1044
 515.0  0.1039  1.0000  1.0000  1.0000  1.0000  0.1039
 520.0  0.1061  1.0000  1.0000  1.0000  1.0000  0.1061
 525.0  0.1105  1.0000  1.0000  1.0000  1.0000  0.1105
 530.0  0.1151  1.0000  1.0000  1.0000  1.0000  0.1151
 535.0  0.1166  1.0000  1.0000  1.0000  1.0000  0.1166
 540.0  0.1165  1.0000  1.0000  1.0000  1.0000  0.1165
 545.0  0.1166  1.0000  1.0000  1.0000  1.0000  0.1166
 550.0  0.1169  1.0000  1.0000  1.0000  1.0000  0.1169
 555.0  0.1180  1.0000  1.0000  1.0000  1.0000  0.1180
 560.0  0.1187  1.0000  1.0000  1.0000  1.0000  0.1187
 565.0  0.1179  1.0000  1.0000  1.0000  1.0000  0.1179
 570.0  0.1167  1.0000  1.0000  1.0000  1.0000  0.1167
 575.0  0.1153  1.0000  1.0000  1.0000  1.0000  0.1153
 580.0  0.1141  1.0000  1.0000  1.0000  1.0000  0.1141
 585.0  0.1149  1.0000  1.0000  1.0000  1.0000  0.1149
 590.0  0.1157  1.0000  1.0000  1.0000  1.0000  0.1157
 595.0  0.1133  1.0000  1.0000  1.0000  1.0000  0.1133
 600.0  0.1107  1.0000  1.0000  1.0000  1.0000  0.1107
 605.0  0.1085  1.0000  1.0000  1.0000  1.0000  0.1085
 610.0  0.1061  1.0000  1.0000  1.0000  1.0000  0.1061
 615.0  0.1040  1.0000  1.0000  1.0000  1.0000  0.1040
 620.0  0.1019  1.0000  1.0000  1.0000  1.0000  0.1019
 625.0  0.1005  1.0000  1.0000  1.0000  1.0000  0.1005
 630.0  0.0996  1.0000  1.0000  1.0000  1.0000  0.0996
 635.0  0.0997  1.0000  1.0000  1.0000  1.0000  0.0997
 640.0  0.0978  1.0000  1.0000  1.0000  1.0000  0.0978
 645.0  0.0911  1.0000  1.0000  1.0000  1.0000  0.0911
 650.0  0.0801  1.0000  1.0000  1.0000  1.0000  0.0801
D
 710.0  0.2283  1.0000  1.0000  1.0000  1.0000  0.2283
 715.0  0.2266  1.0000  1.0000  1.0000  1.0000  0.2266
 720.0  0.2294  1.0000  1.0000  1.0000  1.0000  0.2294
 725.0  0.2297  1.0000  1.0000  1.0000  1.0000  0.2297
 730.0  0.2265  1.0000  1.0000  1.0000  1.0000  0.2265
 735.0  0.2206  1.0000  1.0000  1.0000  1.0000  0.2206
 740.0  0.2147  1.0000  1.0000  1.0000  1.0000  0.2147
 745.0  0.2122  1.0000  1.0000  1.0000  1.0000  0.2122
 750.0  0.2106  1.0000  1.0000  1.0000  1.0000  0.2106
 755.0  0.2102  1.0000  1.0000  1.0000  1.0000  0.2102
 760.0  0.2091  1.0000  1.0000  1.0000  1.0000  0.2091
 765.0  0.2080  1.0000  1.0000  1.0000  1.0000  0.2080
 770.0  0.2073  1.0000  1.0000  1.0000  1.0000  0.2073
 775.0  0.2087  1.0000  1.0000  1.0000  1.0000  0.2087
 780.0  0.2084  1.0000  1.0000  1.0000  1.0000  0.2084
 785.0  0.2058  1.0000  1.0000  1.0000  1.0000  0.2058
 790.0  0.2012  1.0000  1.0000  1.0000  1.0000  0.2012
 795.0  0.1937  1.0000  1.0000  1.0000  1.0000  0.1937
 800.0  0.1864  1.0000  1.0000  1.0000  1.0000  0.1864
 805.0  0.1841  1.0000  1.0000  1.0000  1.0000  0.1841
 810.0  0.1834  1.0000  1.0000  1.0000  1.0000  0.1834
 815.0  0.1798  1.0000  1.0000  1.0000  1.0000  0.1798
 820.0  0.1759  1.0000  1.0000  1.0000  1.0000  0.1759
 825.0  0.1708  1.0000  1.0000  1.0000  1.0000  0.1708
 830.0  0.1657  1.0000  1.0000  1.0000  1.0000  0.1657
 835.0  0.1602  1.0000  1.0000  1.0000  1.0000  0.1602
 840.0  0.1555  1.0000  1.0000  1.0000  1.0000  0.1555
 845.0  0.1544  1.0000  1.0000  1.0000  1.0000  0.1544
 850.0  0.1540  1.0000  1.0000  1.0000  1.0000  0.1540
 855.0  0.1521  1.0000  1.0000  1.0000  1.0000  0.1521
 860.0  0.1504  1.0000  1.0000  1.0000  1.0000  0.1504
 865.0  0.1459  1.0000  1.0000  1.0000  1.0000  0.1459
 870.0  0.1410  1.0000  1.0000  1.0000  1.0000  0.1410
 875.0  0.1345  1.0000  1.0000  1.0000  1.0000  0.1345
 880.0  0.1307  1.0000  1.0000  1.0000  1.0000  0.1307
 885.0  0.1260  1.0000  1.0000  1.0000  1.0000  0.1260
D
 940.0  0.0007  1.0000  1.0000  1.0000  1.0000  0.0007
 945.0  0.0015  1.0000  1.0000  1.0000  1.0000  0.0015
 950.0  0.0150  1.0000  1.0000  1.0000  1.0000  0.0150
 955.0  0.0507  1.0000  1.0000  1.0000  1.0000  0.0507
 960.0  0.0917  1.0000  1.0000  1.0000  1.0000  0.0917
 965.0  0.1183  1.0000  1.0000  1.0000  1.0000  0.1183
 970.0  0.1392  1.0000  1.0000  1.0000  1.0000  0.1392
 975.0  0.1663  1.0000  1.0000  1.0000  1.0000  0.1663
 980.0  0.1885  1.0000  1.0000  1.0000  1.0000  0.1885
 985.0  0.1929  1.0000  1.0000  1.0000  1.0000  0.1929
 990.0  0.1893  1.0000  1.0000  1.0000  1.0000  0.1893
 995.0  0.1898  1.0000  1.0000  1.0000  1.0000  0.1898
1000.0  0.1940  1.0000  1.0000  1.0000  1.0000  0.1940
1005.0  0.1935  1.0000  1.0000  1.0000  1.0000  0.1935
1010.0  0.1919  1.0000  1.0000  1.0000  1.0000  0.1919
1015.0  0.1907  1.0000  1.0000  1.0000  1.0000  0.1907
1020.0  0.1891  1.0000  1.0000  1.0000  1.0000  0.1891
1025.0  0.1874  1.0000  1.0000  1.0000  1.0000  0.1874
1030.0  0.1848  1.0000  1.0000  1.0000  1.0000  0.1848
1035.0  0.1821  1.0000  1.0000  1.0000  1.0000  0.1821
1040.0  0.1796  1.0000  1.0000  1.0000  1.0000  0.1796
1045.0  0.1772  1.0000  1.0000  1.0000  1.0000  0.1772
1050.0  0.1743  1.0000  1.0000  1.0000  1.0000  0.1743
1055.0  0.1714  1.0000  1.0000  1.0000  1.0000  0.1714
1060.0  0.1693  1.0000  1.0000  1.0000  1.0000  0.1693
1065.0  0.1686  1.0000  1.0000  1.0000  1.0000  0.1686
1070.0  0.1673  1.0000  1.0000  1.0000  1.0000  0.1673
1075.0  0.1635  1.0000  1.0000  1.0000  1.0000  0.1635
1080.0  0.1608  1.0000  1.0000  1.0000  1.0000  0.1608
1085.0  0.1621  1.0000  1.0000  1.0000  1.0000  0.1621
1090.0  0.1620  1.0000  1.0000  1.0000  1.0000  0.1620
1095.0  0.1565  1.0000  1.0000  1.0000  1.0000  0.1565
1100.0  0.1510  1.0000  1.0000  1.0000  1.0000  0.1510
1105.0  0.1512  1.0000  1.0000  1.0000  1.0000  0.1512
1110.0  0.1539  1.0000  1.0000  1.0000  1.0000  0.1539
1115.0  0.1539  1.0000  1.0000  1.0000  1.0000  0.1539
1120.0  0.1511  1.0000  1.0000  1.0000  1.0000  0.1511
1125.0  0.1484  1.0000  1.0000  1.0000  1.0000  0.1484
1130.0  0.1460  1.0000  1.0000  1.0000  1.0000  0.1460
1135.0  0.1447  1.0000  1.0000  1.0000  1.0000  0.1447
1140.0  0.1436  1.0000  1.0000  1.0000  1.0000  0.1436
1145.0  0.1422  1.0000  1.0000  1.0000  1.0000  0.1422
1150.0  0.1410  1.0000  1.0000  1.0000  1.0000  0.1410
1155.0  0.1388  1.0000  1.0000  1.0000  1.0000  0.1388
1160.0  0.1342  1.0000  1.0000  1.0000  1.0000  0.1342
1165.0  0.1264  1.0000  1.0000  1.0000  1.0000  0.1264
1170.0  0.1216  1.0000  1.0000  1.0000  1.0000  0.1216
1175.0  0.1234  1.0000  1.0000  1.0000  1.0000  0.1234
1180.0  0.1264  1.0000  1.0000  1.0000  1.0000  0.1264
1185.0  0.1251  1.0000  1.0000  1.0000  1.0000  0.1251
1190.0  0.1209  1.0000  1.0000  1.0000  1.0000  0.1209
1195.0  0.1174  1.0000  1.0000  1.0000  1.0000  0.1174
1200.0  0.1148  1.0000  1.0000  1.0000  1.0000  0.1148
1205.0  0.1128  1.0000  1.0000  1.0000  1.0000  0.1128
1210.0  0.1101  1.0000  1.0000  1.0000  1.0000  0.1101
1215.0  0.1069  1.0000  1.0000  1.0000  1.0000  0.1069
1220.0  0.1031  1.0000  1.0000  1.0000  1.0000  0.1031
1225.0  0.1003  1.0000  1.0000  1.0000  1.0000  0.1003
1230.0  0.0981  1.0000  1.0000  1.0000  1.0000  0.0981
1235.0  0.0953  1.0000  1.0000  1.0000  1.0000  0.0953
1240.0  0.0897  1.0000  1.0000  1.0000  1.0000  0.0897
1245.0  0.0804  1.0000  1.0000  1.0000  1.0000  0.0804
1250.0  0.0757  1.0000  1.0000  1.0000  1.0000  0.0757
1255.0  0.0807  1.0000  1.0000  1.0000  1.0000  0.0807
1260.0  0.0752  1.0000  1.0000  1.0000  1.0000  0.0752
D
