309.100 2.9303e+01
311.300 2.9151e+01
313.500 2.9165e+01
315.700 2.9140e+01
317.240 2.9119e+01
318.340 2.9116e+01
320.100 2.9137e+01
322.300 2.9179e+01
324.500 2.9171e+01
326.700 2.9162e+01
328.900 2.9160e+01
331.100 2.9200e+01
332.640 2.9262e+01
333.740 2.9231e+01
335.500 2.9241e+01
337.700 2.9348e+01
339.900 2.9373e+01
342.100 2.9383e+01
344.300 2.9321e+01
346.500 2.9264e+01
348.700 2.9244e+01
350.900 2.9228e+01
353.100 2.9242e+01
355.300 2.9249e+01
357.500 2.9266e+01
359.700 2.9223e+01
361.900 2.9214e+01
364.100 2.9245e+01
366.300 2.9191e+01
367.840 2.9266e+01
368.940 2.9142e+01
370.700 2.9130e+01
372.900 2.9164e+01
375.100 2.9178e+01
377.300 2.9196e+01
379.500 2.9195e+01
381.700 2.9127e+01
383.900 2.9119e+01
386.100 2.9042e+01
388.300 2.9109e+01
390.500 2.9075e+01
392.700 2.9019e+01
394.900 2.8905e+01
397.100 2.8938e+01
399.300 2.9006e+01
401.500 2.8942e+01
403.700 2.8955e+01
405.900 2.9083e+01
408.100 2.8939e+01
410.300 2.8836e+01
412.500 2.8798e+01
414.700 2.8810e+01
416.900 2.8700e+01
419.100 2.8700e+01
421.300 2.8667e+01
423.500 2.8754e+01
425.700 2.8942e+01
427.900 2.8524e+01
430.100 2.8525e+01
432.740 2.8329e+01
434.720 2.8407e+01
436.480 2.8237e+01
438.900 2.8190e+01
441.100 2.8224e+01
443.300 2.8177e+01
445.500 2.8328e+01
447.700 2.8065e+01
449.900 2.7937e+01
452.100 2.7984e+01
454.300 2.8002e+01
456.280 2.7874e+01
457.160 2.6986e+01
458.700 2.6675e+01
460.900 2.6764e+01
463.100 2.6804e+01
465.300 2.6654e+01
467.500 2.6800e+01
469.700 2.6851e+01
471.900 2.6528e+01
474.100 2.6522e+01
476.300 2.6695e+01
478.500 2.6663e+01
480.700 2.6349e+01
482.900 2.6376e+01
485.100 2.6396e+01
487.300 2.6731e+01
489.500 2.6506e+01
491.700 2.6139e+01
493.900 2.6189e+01
496.100 2.6530e+01
498.300 2.6623e+01
500.500 2.6475e+01
502.700 2.6072e+01
504.900 2.6304e+01
507.100 2.6031e+01
509.300 2.6256e+01
511.500 2.6508e+01
513.700 2.6701e+01
515.900 2.7205e+01
518.100 2.6338e+01
520.300 2.7032e+01
522.500 2.6678e+01
524.700 2.7322e+01
526.900 2.7023e+01
529.100 2.7006e+01
531.300 2.6754e+01
533.500 2.6037e+01
535.700 2.6000e+01
537.900 2.5772e+01
540.100 2.5676e+01
542.300 2.5881e+01
544.500 2.6016e+01
546.700 2.6683e+01
548.900 2.6356e+01
551.100 2.5774e+01
552.860 2.6882e+01
553.960 2.7199e+01
555.500 2.7027e+01
557.700 2.6306e+01
559.900 2.6204e+01
562.100 2.5409e+01
564.300 2.5801e+01
566.500 2.5480e+01
568.700 2.5639e+01
570.900 2.5782e+01
573.100 2.5967e+01
575.300 2.6091e+01
577.500 2.5668e+01
579.700 2.4940e+01
581.900 2.4566e+01
584.100 2.4169e+01
586.300 2.4724e+01
588.500 2.4551e+01
590.700 2.4370e+01
592.900 2.4728e+01
595.100 2.4463e+01
597.300 2.4847e+01
599.500 2.5117e+01
601.700 2.4818e+01
603.900 2.5557e+01
606.100 2.5154e+01
608.300 2.4809e+01
610.500 2.4724e+01
612.700 2.5362e+01
614.900 2.6331e+01
617.100 2.6084e+01
619.300 2.4852e+01
621.500 2.4352e+01
623.700 2.4385e+01
625.900 2.4749e+01
628.100 2.5433e+01
630.300 2.4322e+01
632.500 2.3973e+01
634.700 2.4108e+01
636.900 2.3871e+01
640.200 2.3521e+01
644.600 2.3666e+01
649.000 2.3732e+01
653.400 2.3649e+01
657.800 2.3620e+01
662.200 2.3583e+01
666.600 2.3506e+01
671.000 2.3444e+01
675.400 2.3344e+01
679.800 2.3347e+01
684.200 2.3181e+01
688.600 2.3246e+01
693.000 2.3240e+01
697.400 2.3122e+01
701.800 2.3275e+01
706.200 2.3135e+01
710.600 2.3330e+01
715.000 2.2935e+01
719.400 2.2750e+01
723.800 2.2766e+01
728.200 2.2815e+01
730.840 2.2861e+01
731.060 2.2877e+01
731.280 2.2830e+01
731.500 2.2757e+01
731.720 2.2728e+01
731.940 2.2743e+01
732.160 2.2812e+01
732.380 2.2831e+01
732.600 2.2786e+01
732.820 2.2725e+01
733.040 2.2684e+01
733.260 2.2727e+01
733.480 2.2818e+01
733.700 2.2921e+01
733.920 2.2957e+01
734.140 2.2906e+01
734.360 2.2849e+01
734.580 2.2810e+01
734.800 2.2801e+01
735.020 2.2799e+01
735.240 2.2778e+01
735.460 2.2740e+01
735.680 2.2687e+01
735.900 2.2653e+01
736.120 2.2662e+01
736.340 2.2722e+01
736.560 2.2808e+01
736.780 2.2883e+01
737.000 2.2863e+01
737.220 2.2802e+01
737.440 2.2729e+01
737.660 2.2701e+01
737.880 2.2694e+01
738.100 2.2684e+01
738.320 2.2686e+01
738.540 2.2734e+01
738.760 2.2848e+01
738.980 2.3032e+01
739.200 2.3185e+01
739.420 2.3189e+01
739.640 2.3009e+01
739.860 2.2834e+01
740.080 2.2724e+01
740.300 2.2731e+01
740.520 2.2837e+01
740.740 2.2929e+01
740.960 2.3009e+01
741.180 2.3061e+01
741.400 2.3087e+01
741.620 2.3104e+01
741.840 2.3076e+01
742.060 2.2983e+01
742.280 2.2867e+01
742.500 2.2757e+01
742.720 2.2698e+01
742.940 2.2710e+01
743.160 2.2803e+01
743.380 2.2924e+01
743.600 2.2968e+01
743.820 2.2922e+01
744.040 2.2854e+01
744.260 2.2791e+01
744.480 2.2748e+01
744.700 2.2707e+01
744.920 2.2673e+01
745.140 2.2684e+01
745.360 2.2703e+01
745.580 2.2704e+01
745.800 2.2735e+01
746.020 2.2785e+01
746.240 2.2851e+01
746.460 2.2870e+01
746.680 2.2827e+01
746.900 2.2745e+01
747.120 2.2671e+01
747.340 2.2615e+01
747.560 2.2570e+01
747.780 2.2544e+01
748.000 2.2549e+01
748.220 2.2586e+01
748.440 2.2635e+01
748.660 2.2694e+01
748.880 2.2722e+01
749.100 2.2733e+01
749.320 2.2751e+01
749.540 2.2774e+01
749.760 2.2779e+01
749.980 2.2759e+01
750.200 2.2724e+01
750.420 2.2709e+01
750.640 2.2756e+01
750.860 2.2826e+01
751.080 2.2874e+01
751.300 2.2854e+01
751.520 2.2791e+01
751.740 2.2697e+01
751.960 2.2625e+01
752.180 2.2568e+01
752.400 2.2561e+01
752.620 2.2601e+01
752.840 2.2678e+01
753.060 2.2711e+01
753.280 2.2719e+01
753.500 2.2698e+01
753.720 2.2690e+01
753.940 2.2674e+01
754.160 2.2613e+01
754.380 2.2542e+01
754.600 2.2526e+01
754.820 2.2577e+01
755.040 2.2674e+01
755.260 2.2703e+01
755.480 2.2661e+01
755.700 2.2623e+01
755.920 2.2622e+01
756.140 2.2675e+01
756.360 2.2755e+01
756.580 2.2890e+01
756.800 2.3021e+01
757.020 2.3139e+01
757.240 2.3153e+01
757.460 2.3081e+01
757.680 2.2969e+01
757.900 2.2889e+01
758.120 2.2821e+01
758.340 2.2767e+01
758.560 2.2695e+01
758.780 2.2617e+01
759.000 2.2598e+01
759.220 2.2651e+01
759.440 2.2715e+01
759.660 2.2729e+01
759.880 2.2667e+01
760.100 2.2633e+01
760.320 2.2659e+01
760.540 2.2721e+01
760.760 2.2814e+01
760.980 2.2859e+01
761.200 2.2888e+01
761.420 2.2876e+01
761.640 2.2805e+01
761.860 2.2718e+01
762.080 2.2692e+01
762.300 2.2706e+01
762.520 2.2723e+01
762.740 2.2707e+01
762.960 2.2660e+01
763.180 2.2614e+01
763.400 2.2589e+01
763.620 2.2604e+01
763.840 2.2653e+01
764.060 2.2756e+01
764.280 2.2859e+01
764.500 2.2947e+01
764.720 2.2927e+01
764.940 2.2833e+01
765.160 2.2723e+01
765.380 2.2669e+01
765.600 2.2659e+01
765.820 2.2690e+01
766.040 2.2734e+01
766.260 2.2763e+01
766.480 2.2758e+01
766.700 2.2692e+01
766.920 2.2620e+01
767.140 2.2596e+01
767.360 2.2658e+01
767.580 2.2754e+01
767.800 2.2841e+01
768.020 2.2852e+01
768.240 2.2814e+01
768.460 2.2765e+01
768.680 2.2749e+01
768.900 2.2778e+01
769.120 2.2821e+01
769.340 2.2806e+01
769.560 2.2686e+01
769.780 2.2576e+01
770.000 2.2528e+01
770.220 2.2515e+01
770.440 2.2501e+01
770.660 2.2491e+01
770.880 2.2516e+01
771.100 2.2556e+01
771.320 2.2578e+01
771.540 2.2584e+01
771.760 2.2582e+01
771.980 2.2614e+01
772.200 2.2648e+01
772.420 2.2685e+01
772.640 2.2732e+01
772.860 2.2766e+01
773.080 2.2763e+01
773.300 2.2697e+01
773.520 2.2591e+01
773.740 2.2506e+01
773.960 2.2481e+01
774.180 2.2519e+01
774.400 2.2593e+01
774.620 2.2690e+01
774.840 2.2750e+01
775.060 2.2817e+01
775.280 2.2879e+01
775.500 2.2911e+01
775.720 2.2851e+01
775.940 2.2733e+01
776.160 2.2616e+01
776.380 2.2547e+01
776.600 2.2545e+01
776.820 2.2577e+01
777.040 2.2594e+01
777.260 2.2573e+01
777.480 2.2528e+01
777.700 2.2503e+01
777.920 2.2493e+01
778.140 2.2476e+01
778.360 2.2443e+01
778.580 2.2421e+01
778.800 2.2440e+01
779.020 2.2479e+01
779.240 2.2490e+01
779.460 2.2470e+01
779.680 2.2434e+01
779.900 2.2420e+01
780.120 2.2439e+01
780.340 2.2459e+01
780.560 2.2462e+01
780.780 2.2447e+01
781.000 2.2444e+01
781.220 2.2476e+01
781.440 2.2526e+01
781.660 2.2567e+01
781.880 2.2568e+01
782.100 2.2541e+01
782.320 2.2514e+01
782.540 2.2515e+01
782.760 2.2536e+01
782.980 2.2548e+01
783.200 2.2525e+01
783.420 2.2484e+01
783.640 2.2456e+01
783.860 2.2492e+01
784.080 2.2617e+01
784.300 2.2786e+01
784.520 2.2825e+01
784.740 2.2790e+01
784.960 2.2775e+01
785.180 2.2814e+01
785.400 2.2857e+01
785.620 2.2831e+01
785.840 2.2761e+01
786.060 2.2711e+01
786.280 2.2670e+01
786.500 2.2637e+01
786.720 2.2633e+01
786.940 2.2664e+01
787.160 2.2716e+01
787.380 2.2836e+01
787.600 2.2961e+01
787.820 2.3012e+01
788.040 2.2987e+01
788.260 2.2948e+01
788.480 2.2963e+01
788.700 2.3029e+01
788.920 2.3047e+01
789.140 2.3000e+01
789.360 2.2924e+01
789.580 2.2800e+01
789.800 2.2676e+01
790.020 2.2592e+01
790.240 2.2566e+01
790.460 2.2564e+01
790.680 2.2534e+01
790.900 2.2480e+01
791.120 2.2423e+01
791.340 2.2397e+01
791.560 2.2373e+01
791.780 2.2349e+01
792.000 2.2353e+01
792.220 2.2412e+01
792.440 2.2511e+01
792.660 2.2593e+01
792.880 2.2634e+01
793.100 2.2627e+01
793.320 2.2626e+01
793.540 2.2654e+01
793.760 2.2716e+01
793.980 2.2749e+01
794.200 2.2703e+01
794.420 2.2614e+01
794.640 2.2576e+01
794.860 2.2543e+01
795.080 2.2500e+01
795.300 2.2450e+01
795.520 2.2465e+01
795.740 2.2581e+01
795.960 2.2751e+01
796.180 2.2788e+01
796.400 2.2698e+01
796.620 2.2549e+01
796.840 2.2466e+01
797.060 2.2409e+01
797.280 2.2360e+01
797.500 2.2282e+01
797.720 2.2207e+01
797.940 2.2174e+01
798.160 2.2213e+01
798.380 2.2322e+01
798.600 2.2502e+01
798.820 2.2640e+01
799.040 2.2669e+01
799.260 2.2594e+01
799.480 2.2525e+01
799.700 2.2463e+01
799.920 2.2429e+01
800.140 2.2380e+01
800.360 2.2307e+01
800.580 2.2255e+01
800.800 2.2235e+01
801.020 2.2268e+01
801.240 2.2329e+01
801.460 2.2391e+01
801.680 2.2439e+01
801.900 2.2489e+01
802.120 2.2515e+01
802.340 2.2555e+01
802.560 2.2560e+01
802.780 2.2530e+01
803.000 2.2451e+01
803.220 2.2363e+01
803.440 2.2272e+01
803.660 2.2236e+01
803.880 2.2219e+01
804.100 2.2208e+01
804.320 2.2181e+01
804.540 2.2137e+01
804.760 2.2114e+01
804.980 2.2102e+01
805.200 2.2107e+01
805.420 2.2135e+01
805.640 2.2186e+01
805.860 2.2213e+01
806.080 2.2221e+01
806.300 2.2206e+01
806.520 2.2202e+01
806.740 2.2224e+01
806.960 2.2270e+01
807.180 2.2303e+01
807.400 2.2279e+01
807.620 2.2224e+01
807.840 2.2178e+01
808.060 2.2162e+01
808.280 2.2163e+01
808.500 2.2188e+01
808.720 2.2232e+01
808.940 2.2297e+01
809.160 2.2360e+01
809.380 2.2407e+01
809.600 2.2399e+01
809.820 2.2343e+01
810.040 2.2287e+01
810.260 2.2267e+01
810.480 2.2298e+01
810.700 2.2365e+01
810.920 2.2457e+01
811.140 2.2477e+01
811.360 2.2434e+01
811.580 2.2329e+01
811.800 2.2228e+01
812.020 2.2158e+01
812.240 2.2168e+01
812.460 2.2213e+01
812.680 2.2244e+01
812.900 2.2255e+01
813.120 2.2240e+01
813.340 2.2202e+01
813.560 2.2138e+01
813.780 2.2093e+01
814.000 2.2086e+01
814.220 2.2122e+01
814.440 2.2191e+01
814.660 2.2319e+01
814.880 2.2448e+01
815.100 2.2557e+01
815.320 2.2575e+01
815.540 2.2560e+01
815.760 2.2525e+01
815.980 2.2476e+01
816.200 2.2382e+01
816.420 2.2291e+01
816.640 2.2194e+01
816.860 2.2116e+01
817.080 2.2094e+01
817.300 2.2108e+01
817.520 2.2151e+01
817.740 2.2242e+01
817.960 2.2387e+01
818.180 2.2566e+01
818.400 2.2744e+01
818.620 2.2776e+01
818.840 2.2666e+01
819.060 2.2482e+01
819.280 2.2340e+01
819.500 2.2266e+01
819.720 2.2306e+01
819.940 2.2362e+01
820.160 2.2354e+01
820.380 2.2331e+01
820.600 2.2342e+01
820.820 2.2415e+01
821.040 2.2576e+01
821.260 2.2747e+01
821.480 2.2895e+01
821.700 2.2961e+01
821.920 2.2888e+01
822.140 2.2709e+01
822.360 2.2541e+01
822.580 2.2383e+01
822.800 2.2294e+01
823.020 2.2292e+01
823.240 2.2367e+01
823.460 2.2457e+01
823.680 2.2569e+01
823.900 2.2636e+01
824.120 2.2692e+01
824.340 2.2782e+01
824.560 2.2872e+01
824.780 2.2864e+01
825.000 2.2722e+01
825.220 2.2532e+01
825.440 2.2373e+01
825.660 2.2263e+01
825.880 2.2163e+01
826.100 2.2140e+01
826.320 2.2220e+01
826.540 2.2391e+01
826.760 2.2514e+01
826.980 2.2531e+01
827.200 2.2450e+01
827.420 2.2390e+01
827.640 2.2391e+01
827.860 2.2395e+01
828.080 2.2396e+01
828.300 2.2405e+01
828.520 2.2423e+01
828.740 2.2439e+01
828.960 2.2429e+01
829.180 2.2420e+01
829.400 2.2391e+01
829.620 2.2327e+01
829.840 2.2253e+01
830.060 2.2205e+01
830.280 2.2190e+01
830.500 2.2192e+01
830.720 2.2185e+01
830.940 2.2177e+01
831.160 2.2149e+01
831.380 2.2108e+01
831.600 2.2078e+01
831.820 2.2054e+01
832.040 2.2041e+01
832.260 2.2042e+01
832.480 2.2076e+01
832.700 2.2163e+01
832.920 2.2263e+01
833.140 2.2336e+01
833.360 2.2388e+01
833.580 2.2382e+01
833.800 2.2350e+01
834.020 2.2333e+01
834.240 2.2341e+01
834.460 2.2391e+01
834.680 2.2432e+01
834.900 2.2475e+01
835.120 2.2528e+01
835.340 2.2587e+01
835.560 2.2625e+01
835.780 2.2557e+01
836.000 2.2416e+01
836.220 2.2300e+01
836.440 2.2203e+01
836.660 2.2149e+01
836.880 2.2139e+01
837.100 2.2176e+01
837.320 2.2231e+01
837.540 2.2249e+01
837.760 2.2204e+01
837.980 2.2147e+01
838.200 2.2111e+01
838.420 2.2136e+01
838.640 2.2218e+01
838.860 2.2326e+01
839.080 2.2430e+01
839.300 2.2495e+01
839.520 2.2459e+01
839.740 2.2411e+01
839.960 2.2427e+01
840.180 2.2514e+01
840.400 2.2603e+01
840.620 2.2566e+01
840.840 2.2496e+01
841.060 2.2501e+01
841.280 2.2597e+01
841.500 2.2724e+01
841.720 2.2757e+01
841.940 2.2733e+01
842.160 2.2690e+01
842.380 2.2652e+01
842.600 2.2662e+01
842.820 2.2716e+01
843.040 2.2816e+01
843.260 2.2881e+01
843.480 2.2882e+01
843.700 2.2820e+01
843.920 2.2777e+01
844.140 2.2771e+01
844.360 2.2797e+01
844.580 2.2782e+01
844.800 2.2708e+01
845.020 2.2574e+01
845.240 2.2435e+01
845.460 2.2350e+01
845.680 2.2305e+01
845.900 2.2289e+01
846.120 2.2270e+01
846.340 2.2242e+01
846.560 2.2265e+01
846.780 2.2308e+01
847.000 2.2317e+01
847.220 2.2285e+01
847.440 2.2247e+01
847.660 2.2251e+01
847.880 2.2298e+01
848.100 2.2329e+01
848.320 2.2367e+01
848.540 2.2413e+01
848.760 2.2494e+01
848.980 2.2552e+01
849.200 2.2502e+01
849.420 2.2367e+01
849.640 2.2257e+01
849.860 2.2201e+01
850.080 2.2225e+01
850.300 2.2250e+01
850.520 2.2268e+01
850.740 2.2268e+01
850.960 2.2289e+01
851.180 2.2325e+01
851.400 2.2401e+01
851.620 2.2479e+01
851.840 2.2468e+01
852.060 2.2383e+01
852.280 2.2274e+01
852.500 2.2211e+01
852.720 2.2249e+01
852.940 2.2330e+01
853.160 2.2400e+01
853.380 2.2385e+01
853.600 2.2360e+01
853.820 2.2367e+01
854.040 2.2354e+01
854.260 2.2319e+01
854.480 2.2308e+01
854.700 2.2375e+01
854.920 2.2468e+01
855.140 2.2535e+01
855.360 2.2532e+01
855.580 2.2441e+01
855.800 2.2305e+01
856.020 2.2195e+01
856.240 2.2120e+01
856.460 2.2117e+01
856.680 2.2138e+01
856.900 2.2143e+01
857.120 2.2123e+01
857.340 2.2096e+01
857.560 2.2106e+01
857.780 2.2112e+01
858.000 2.2089e+01
858.220 2.2077e+01
858.440 2.2096e+01
858.660 2.2139e+01
858.880 2.2190e+01
859.100 2.2215e+01
859.320 2.2186e+01
859.540 2.2107e+01
859.760 2.2034e+01
859.980 2.1970e+01
860.200 2.1951e+01
860.420 2.1936e+01
860.640 2.1933e+01
860.860 2.1938e+01
861.080 2.1948e+01
861.300 2.1971e+01
861.520 2.1998e+01
861.740 2.2024e+01
861.960 2.2063e+01
862.180 2.2126e+01
862.400 2.2180e+01
862.620 2.2215e+01
862.840 2.2195e+01
863.060 2.2169e+01
863.280 2.2169e+01
863.500 2.2213e+01
863.720 2.2320e+01
863.940 2.2458e+01
864.160 2.2620e+01
864.380 2.2810e+01
864.600 2.2972e+01
864.820 2.3200e+01
865.040 2.3383e+01
865.260 2.3503e+01
865.480 2.3462e+01
865.700 2.3295e+01
865.920 2.3031e+01
866.140 2.2818e+01
866.360 2.2595e+01
866.580 2.2442e+01
866.800 2.2350e+01
867.020 2.2302e+01
867.240 2.2312e+01
867.460 2.2316e+01
867.680 2.2260e+01
867.900 2.2175e+01
868.120 2.2100e+01
868.340 2.2077e+01
868.560 2.2060e+01
868.780 2.2014e+01
869.000 2.1974e+01
869.220 2.1978e+01
869.440 2.1984e+01
869.660 2.1971e+01
869.880 2.1944e+01
870.100 2.1935e+01
870.320 2.1970e+01
870.540 2.1981e+01
870.760 2.1969e+01
870.980 2.2002e+01
871.200 2.2120e+01
871.420 2.2271e+01
871.640 2.2411e+01
871.860 2.2487e+01
872.080 2.2553e+01
872.300 2.2717e+01
872.520 2.2939e+01
872.740 2.3202e+01
872.960 2.3356e+01
873.180 2.3277e+01
873.400 2.3035e+01
873.620 2.2820e+01
873.840 2.2598e+01
874.060 2.2441e+01
874.280 2.2298e+01
874.500 2.2165e+01
874.720 2.2079e+01
874.940 2.1981e+01
875.160 2.1911e+01
875.380 2.1844e+01
875.600 2.1811e+01
875.820 2.1816e+01
876.040 2.1838e+01
876.260 2.1844e+01
876.480 2.1833e+01
876.700 2.1810e+01
876.920 2.1776e+01
877.140 2.1738e+01
877.360 2.1723e+01
877.580 2.1722e+01
877.800 2.1726e+01
878.020 2.1712e+01
878.240 2.1683e+01
878.460 2.1674e+01
878.680 2.1687e+01
878.900 2.1718e+01
879.120 2.1748e+01
879.340 2.1752e+01
879.560 2.1717e+01
879.780 2.1656e+01
880.000 2.1617e+01
880.220 2.1589e+01
880.440 2.1589e+01
880.660 2.1627e+01
880.880 2.1709e+01
881.100 2.1772e+01
881.320 2.1777e+01
881.540 2.1708e+01
881.760 2.1645e+01
881.980 2.1608e+01
882.200 2.1596e+01
882.420 2.1593e+01
882.640 2.1588e+01
882.860 2.1577e+01
883.080 2.1562e+01
883.300 2.1560e+01
883.520 2.1572e+01
883.740 2.1579e+01
883.960 2.1567e+01
884.180 2.1543e+01
884.400 2.1536e+01
884.620 2.1546e+01
884.840 2.1560e+01
885.060 2.1574e+01
885.280 2.1578e+01
885.500 2.1564e+01
885.720 2.1533e+01
885.940 2.1498e+01
886.160 2.1495e+01
886.380 2.1558e+01
886.600 2.1660e+01
886.820 2.1740e+01
887.040 2.1774e+01
887.260 2.1760e+01
887.480 2.1718e+01
887.700 2.1634e+01
887.920 2.1549e+01
888.140 2.1484e+01
888.360 2.1466e+01
888.580 2.1493e+01
888.800 2.1526e+01
889.020 2.1522e+01
889.240 2.1541e+01
889.460 2.1611e+01
889.680 2.1740e+01
889.900 2.1867e+01
890.120 2.1822e+01
890.340 2.1691e+01
890.560 2.1571e+01
890.780 2.1513e+01
891.000 2.1500e+01
891.220 2.1510e+01
891.440 2.1540e+01
891.660 2.1577e+01
891.880 2.1604e+01
892.100 2.1624e+01
892.320 2.1651e+01
892.540 2.1671e+01
892.760 2.1656e+01
892.980 2.1608e+01
893.200 2.1565e+01
893.420 2.1600e+01
893.640 2.1699e+01
893.860 2.1761e+01
894.080 2.1765e+01
894.300 2.1711e+01
894.520 2.1670e+01
894.740 2.1633e+01
894.960 2.1589e+01
895.180 2.1574e+01
895.400 2.1626e+01
895.620 2.1679e+01
895.840 2.1681e+01
896.060 2.1627e+01
896.280 2.1591e+01
896.500 2.1652e+01
896.720 2.1741e+01
896.940 2.1796e+01
897.160 2.1754e+01
897.380 2.1641e+01
897.600 2.1555e+01
897.820 2.1504e+01
898.040 2.1523e+01
898.260 2.1561e+01
898.480 2.1595e+01
898.700 2.1582e+01
898.920 2.1533e+01
899.140 2.1482e+01
899.360 2.1444e+01
899.580 2.1440e+01
899.800 2.1465e+01
900.020 2.1503e+01
900.240 2.1509e+01
900.460 2.1519e+01
900.680 2.1549e+01
900.900 2.1596e+01
901.120 2.1652e+01
901.340 2.1669e+01
901.560 2.1697e+01
901.780 2.1762e+01
902.000 2.1845e+01
902.220 2.1912e+01
902.440 2.1886e+01
902.660 2.1788e+01
902.880 2.1684e+01
903.100 2.1606e+01
903.320 2.1559e+01
903.540 2.1548e+01
903.760 2.1557e+01
903.980 2.1573e+01
904.200 2.1585e+01
904.420 2.1577e+01
904.640 2.1559e+01
904.860 2.1524e+01
905.080 2.1494e+01
905.300 2.1474e+01
905.520 2.1477e+01
905.740 2.1507e+01
905.960 2.1551e+01
906.180 2.1565e+01
906.400 2.1559e+01
906.620 2.1546e+01
906.840 2.1541e+01
907.060 2.1537e+01
907.280 2.1520e+01
907.500 2.1507e+01
907.720 2.1520e+01
907.940 2.1541e+01
908.160 2.1557e+01
908.380 2.1566e+01
908.600 2.1586e+01
908.820 2.1621e+01
909.040 2.1657e+01
909.260 2.1655e+01
909.480 2.1607e+01
909.700 2.1536e+01
909.920 2.1492e+01
910.140 2.1460e+01
910.360 2.1447e+01
910.580 2.1440e+01
910.800 2.1452e+01
911.020 2.1517e+01
911.240 2.1627e+01
911.460 2.1681e+01
911.680 2.1662e+01
911.900 2.1577e+01
912.120 2.1520e+01
912.340 2.1503e+01
912.560 2.1519e+01
912.780 2.1544e+01
913.000 2.1553e+01
913.220 2.1559e+01
913.440 2.1566e+01
913.660 2.1579e+01
913.880 2.1593e+01
914.100 2.1603e+01
914.320 2.1589e+01
914.540 2.1557e+01
914.760 2.1519e+01
914.980 2.1474e+01
915.200 2.1459e+01
915.420 2.1440e+01
915.640 2.1425e+01
915.860 2.1417e+01
916.080 2.1422e+01
916.300 2.1453e+01
916.520 2.1496e+01
916.740 2.1508e+01
916.960 2.1499e+01
917.180 2.1481e+01
917.400 2.1503e+01
917.620 2.1572e+01
917.840 2.1631e+01
918.060 2.1649e+01
918.280 2.1608e+01
918.500 2.1574e+01
918.720 2.1558e+01
918.940 2.1558e+01
919.160 2.1542e+01
919.380 2.1518e+01
919.600 2.1517e+01
919.820 2.1535e+01
920.040 2.1538e+01
920.260 2.1504e+01
920.480 2.1463e+01
920.700 2.1458e+01
920.920 2.1498e+01
921.140 2.1526e+01
921.360 2.1522e+01
921.580 2.1490e+01
921.800 2.1464e+01
922.020 2.1454e+01
922.240 2.1435e+01
922.460 2.1420e+01
922.680 2.1444e+01
922.900 2.1509e+01
923.120 2.1568e+01
923.340 2.1609e+01
923.560 2.1620e+01
923.780 2.1611e+01
924.000 2.1593e+01
924.220 2.1580e+01
924.440 2.1561e+01
924.660 2.1536e+01
924.880 2.1498e+01
925.100 2.1452e+01
925.320 2.1423e+01
925.540 2.1400e+01
925.760 2.1399e+01
925.980 2.1405e+01
926.200 2.1409e+01
926.420 2.1396e+01
926.640 2.1392e+01
926.860 2.1426e+01
927.080 2.1486e+01
927.300 2.1532e+01
927.520 2.1500e+01
927.740 2.1410e+01
927.960 2.1350e+01
928.180 2.1306e+01
928.400 2.1298e+01
928.620 2.1319e+01
928.840 2.1377e+01
929.060 2.1459e+01
929.280 2.1610e+01
929.500 2.1769e+01
929.720 2.1845e+01
929.940 2.1772e+01
930.160 2.1602e+01
930.380 2.1422e+01
930.600 2.1360e+01
930.820 2.1344e+01
931.040 2.1381e+01
931.260 2.1417e+01
931.480 2.1458e+01
931.700 2.1471e+01
931.920 2.1477e+01
932.140 2.1472e+01
932.360 2.1449e+01
932.580 2.1417e+01
932.800 2.1388e+01
933.020 2.1353e+01
933.240 2.1332e+01
933.460 2.1303e+01
933.680 2.1277e+01
933.900 2.1285e+01
934.120 2.1329e+01
934.340 2.1384e+01
934.560 2.1444e+01
934.780 2.1474e+01
935.000 2.1472e+01
935.220 2.1439e+01
935.440 2.1413e+01
935.660 2.1419e+01
935.880 2.1450e+01
936.100 2.1431e+01
936.320 2.1378e+01
936.540 2.1362e+01
936.760 2.1405e+01
936.980 2.1494e+01
937.200 2.1529e+01
937.420 2.1474e+01
937.640 2.1379e+01
937.860 2.1279e+01
938.080 2.1251e+01
938.300 2.1246e+01
938.520 2.1269e+01
938.740 2.1304e+01
938.960 2.1372e+01
939.180 2.1445e+01
939.400 2.1548e+01
939.620 2.1619e+01
939.840 2.1634e+01
940.060 2.1595e+01
940.280 2.1547e+01
940.500 2.1468e+01
940.720 2.1385e+01
940.940 2.1318e+01
941.160 2.1303e+01
941.380 2.1332e+01
941.600 2.1378e+01
941.820 2.1383e+01
942.040 2.1372e+01
942.260 2.1363e+01
942.480 2.1378e+01
942.700 2.1406e+01
942.920 2.1419e+01
943.140 2.1447e+01
943.360 2.1500e+01
943.580 2.1561e+01
943.800 2.1590e+01
944.020 2.1531e+01
944.240 2.1451e+01
944.460 2.1424e+01
944.680 2.1429e+01
944.900 2.1460e+01
945.120 2.1486e+01
945.340 2.1555e+01
945.560 2.1653e+01
945.780 2.1750e+01
946.000 2.1782e+01
946.220 2.1753e+01
946.440 2.1701e+01
946.660 2.1685e+01
946.880 2.1678e+01
947.100 2.1684e+01
947.320 2.1740e+01
947.540 2.1819e+01
947.760 2.1848e+01
947.980 2.1807e+01
948.200 2.1712e+01
948.420 2.1613e+01
948.640 2.1533e+01
948.860 2.1463e+01
949.080 2.1360e+01
949.300 2.1272e+01
949.520 2.1177e+01
949.740 2.1128e+01
949.960 2.1133e+01
950.180 2.1171e+01
950.400 2.1194e+01
950.620 2.1240e+01
950.840 2.1302e+01
951.060 2.1418e+01
951.280 2.1564e+01
951.500 2.1600e+01
951.720 2.1512e+01
951.940 2.1359e+01
952.160 2.1233e+01
952.380 2.1189e+01
952.600 2.1191e+01
952.820 2.1203e+01
953.040 2.1190e+01
953.260 2.1169e+01
953.480 2.1161e+01
953.700 2.1186e+01
953.920 2.1268e+01
954.140 2.1387e+01
954.360 2.1542e+01
954.580 2.1625e+01
954.800 2.1620e+01
955.020 2.1533e+01
955.240 2.1426e+01
955.460 2.1320e+01
955.680 2.1282e+01
955.900 2.1244e+01
956.120 2.1209e+01
956.340 2.1181e+01
956.560 2.1155e+01
956.780 2.1165e+01
957.000 2.1232e+01
957.220 2.1329e+01
957.440 2.1364e+01
957.660 2.1320e+01
957.880 2.1259e+01
958.100 2.1200e+01
958.320 2.1177e+01
958.540 2.1177e+01
958.760 2.1200e+01
958.980 2.1209e+01
959.200 2.1187e+01
959.420 2.1147e+01
959.640 2.1115e+01
959.860 2.1103e+01
960.080 2.1090e+01
960.300 2.1089e+01
960.520 2.1126e+01
960.740 2.1179e+01
960.960 2.1207e+01
961.180 2.1208e+01
961.400 2.1192e+01
961.620 2.1198e+01
961.840 2.1231e+01
962.060 2.1283e+01
962.280 2.1330e+01
962.500 2.1336e+01
962.720 2.1280e+01
962.940 2.1201e+01
963.160 2.1174e+01
963.380 2.1180e+01
963.600 2.1224e+01
963.820 2.1322e+01
964.040 2.1484e+01
964.260 2.1610e+01
964.480 2.1630e+01
964.700 2.1491e+01
964.920 2.1363e+01
965.140 2.1285e+01
965.360 2.1288e+01
965.580 2.1306e+01
965.800 2.1306e+01
966.020 2.1287e+01
966.240 2.1259e+01
966.460 2.1257e+01
966.680 2.1259e+01
966.900 2.1240e+01
967.120 2.1191e+01
967.340 2.1144e+01
967.560 2.1157e+01
967.780 2.1212e+01
968.000 2.1236e+01
968.220 2.1248e+01
968.440 2.1246e+01
968.660 2.1300e+01
968.880 2.1383e+01
969.100 2.1397e+01
969.320 2.1355e+01
969.540 2.1312e+01
969.760 2.1265e+01
969.980 2.1219e+01
970.200 2.1150e+01
970.420 2.1089e+01
970.640 2.1096e+01
970.860 2.1151e+01
971.080 2.1227e+01
971.300 2.1272e+01
971.520 2.1257e+01
971.740 2.1192e+01
971.960 2.1117e+01
972.180 2.1081e+01
972.400 2.1087e+01
972.620 2.1131e+01
972.840 2.1167e+01
973.060 2.1186e+01
973.280 2.1163e+01
973.500 2.1144e+01
973.720 2.1140e+01
973.940 2.1131e+01
974.160 2.1126e+01
974.380 2.1139e+01
974.600 2.1155e+01
974.820 2.1166e+01
975.040 2.1159e+01
975.260 2.1181e+01
975.480 2.1238e+01
975.700 2.1247e+01
975.920 2.1199e+01
976.140 2.1106e+01
976.360 2.1045e+01
976.580 2.1039e+01
976.800 2.1089e+01
977.020 2.1160e+01
977.240 2.1206e+01
977.460 2.1201e+01
977.680 2.1130e+01
977.900 2.1067e+01
978.120 2.1039e+01
978.340 2.1038e+01
978.560 2.1046e+01
978.780 2.1050e+01
979.000 2.1057e+01
979.220 2.1065e+01
979.440 2.1088e+01
979.660 2.1131e+01
979.880 2.1196e+01
980.100 2.1236e+01
980.320 2.1230e+01
980.540 2.1210e+01
980.760 2.1210e+01
980.980 2.1225e+01
981.200 2.1235e+01
981.420 2.1228e+01
981.640 2.1195e+01
981.860 2.1142e+01
982.080 2.1106e+01
982.300 2.1097e+01
982.520 2.1104e+01
982.740 2.1116e+01
982.960 2.1128e+01
983.180 2.1133e+01
983.400 2.1118e+01
983.620 2.1074e+01
983.840 2.1031e+01
984.060 2.0999e+01
984.280 2.0987e+01
984.500 2.0982e+01
984.720 2.0963e+01
984.940 2.0950e+01
985.160 2.0977e+01
985.380 2.1038e+01
985.600 2.1115e+01
985.820 2.1141e+01
986.040 2.1113e+01
986.260 2.1039e+01
986.480 2.0979e+01
986.700 2.0940e+01
986.920 2.0942e+01
987.140 2.0976e+01
987.360 2.1041e+01
987.580 2.1085e+01
987.800 2.1075e+01
988.020 2.1038e+01
988.240 2.1011e+01
988.460 2.1034e+01
988.680 2.1071e+01
988.900 2.1092e+01
989.120 2.1073e+01
989.340 2.1023e+01
989.560 2.0988e+01
989.780 2.0976e+01
990.000 2.0983e+01
990.220 2.0988e+01
990.440 2.0966e+01
990.660 2.0941e+01
990.880 2.0908e+01
991.100 2.0888e+01
991.320 2.0899e+01
991.540 2.0918e+01
991.760 2.0926e+01
991.980 2.0924e+01
992.200 2.0918e+01
992.420 2.0920e+01
992.640 2.0942e+01
992.860 2.0968e+01
993.080 2.0988e+01
993.300 2.0995e+01
993.520 2.0992e+01
993.740 2.0988e+01
993.960 2.0988e+01
994.180 2.0977e+01
994.400 2.0955e+01
994.620 2.0941e+01
994.840 2.0947e+01
995.060 2.0973e+01
995.280 2.1002e+01
995.500 2.1031e+01
995.720 2.1074e+01
995.940 2.1122e+01
996.160 2.1155e+01
996.380 2.1165e+01
996.600 2.1141e+01
996.820 2.1105e+01
997.040 2.1082e+01
997.260 2.1084e+01
997.480 2.1098e+01
997.700 2.1096e+01
997.920 2.1059e+01
998.140 2.0998e+01
998.360 2.0957e+01
998.580 2.0951e+01
998.800 2.0975e+01
999.020 2.1000e+01
999.240 2.0997e+01
999.460 2.0987e+01
999.680 2.0982e+01
999.900 2.0993e+01
1000.120 2.1008e+01
1000.340 2.1014e+01
1000.560 2.1027e+01
1000.780 2.1041e+01
1001.000 2.1040e+01
1001.220 2.1022e+01
1001.440 2.1010e+01
1001.660 2.1018e+01
1001.880 2.1034e+01
1002.100 2.1033e+01
1002.320 2.1007e+01
1002.540 2.0964e+01
1002.760 2.0923e+01
1002.980 2.0908e+01
1003.200 2.0902e+01
1003.420 2.0905e+01
1003.640 2.0916e+01
1003.860 2.0947e+01
1004.080 2.0982e+01
1004.300 2.1002e+01
1004.520 2.0985e+01
1004.740 2.0948e+01
1004.960 2.0909e+01
1005.180 2.0905e+01
1005.400 2.0922e+01
1005.620 2.0947e+01
1005.840 2.0958e+01
1006.060 2.0941e+01
1006.280 2.0915e+01
1006.500 2.0904e+01
1006.720 2.0909e+01
1006.940 2.0919e+01
1007.160 2.0940e+01
1007.380 2.0975e+01
1007.600 2.1013e+01
1007.820 2.1025e+01
1008.040 2.1014e+01
1008.260 2.0997e+01
1008.480 2.0992e+01
1008.700 2.0998e+01
1008.920 2.0992e+01
1009.140 2.0964e+01
1009.360 2.0932e+01
1009.580 2.0911e+01
1009.800 2.0911e+01
1010.020 2.0930e+01
1010.240 2.0956e+01
1010.460 2.0973e+01
1010.680 2.0983e+01
1010.900 2.0985e+01
1011.120 2.0986e+01
1011.340 2.0980e+01
1011.560 2.0970e+01
1011.780 2.0963e+01
1012.000 2.0963e+01
1012.220 2.0962e+01
1012.440 2.0960e+01
1012.660 2.0954e+01
1012.880 2.0954e+01
1013.100 2.0957e+01
1013.320 2.0943e+01
1013.540 2.0914e+01
1013.760 2.0876e+01
1013.980 2.0844e+01
1014.200 2.0846e+01
1014.420 2.0863e+01
1014.640 2.0886e+01
1014.860 2.0894e+01
1015.080 2.0891e+01
1015.300 2.0880e+01
1015.520 2.0869e+01
1015.740 2.0866e+01
1015.960 2.0866e+01
1016.180 2.0867e+01
1016.400 2.0866e+01
1016.620 2.0858e+01
1016.840 2.0853e+01
1017.060 2.0855e+01
1017.280 2.0861e+01
1017.500 2.0866e+01
1017.720 2.0867e+01
1017.940 2.0869e+01
1018.160 2.0872e+01
1018.380 2.0870e+01
1018.600 2.0863e+01
1018.820 2.0855e+01
1019.040 2.0857e+01
1019.260 2.0872e+01
1019.480 2.0890e+01
1019.700 2.0901e+01
1019.920 2.0905e+01
1020.140 2.0916e+01
1020.360 2.0933e+01
1020.580 2.0941e+01
1020.800 2.0940e+01
1021.020 2.0923e+01
1021.240 2.0907e+01
1021.460 2.0904e+01
1021.680 2.0925e+01
1021.900 2.0959e+01
1022.120 2.0995e+01
1022.340 2.1019e+01
1022.560 2.1017e+01
1022.780 2.0983e+01
1023.000 2.0939e+01
1023.220 2.0906e+01
1023.440 2.0886e+01
1023.660 2.0885e+01
1023.880 2.0905e+01
1024.100 2.0932e+01
1024.320 2.0934e+01
1024.540 2.0910e+01
1024.760 2.0865e+01
1024.980 2.0824e+01
1025.200 2.0804e+01
1025.420 2.0820e+01
1025.640 2.0853e+01
1025.860 2.0890e+01
1026.080 2.0919e+01
1026.300 2.0950e+01
1026.520 2.0997e+01
1026.740 2.1045e+01
1026.960 2.1059e+01
1027.180 2.1023e+01
1027.400 2.0962e+01
1027.620 2.0917e+01
1027.840 2.0891e+01
1028.060 2.0894e+01
1028.280 2.0891e+01
1028.500 2.0880e+01
1028.720 2.0867e+01
1028.940 2.0865e+01
1029.160 2.0889e+01
1029.380 2.0919e+01
1029.600 2.0944e+01
1029.820 2.0954e+01
1030.040 2.0943e+01
1030.260 2.0920e+01
1030.480 2.0900e+01
1030.700 2.0891e+01
1030.920 2.0890e+01
1031.140 2.0898e+01
1031.360 2.0905e+01
1031.580 2.0912e+01
1031.800 2.0914e+01
1032.020 2.0915e+01
1032.240 2.0914e+01
1032.460 2.0903e+01
1032.680 2.0887e+01
1032.900 2.0870e+01
1033.120 2.0864e+01
1033.340 2.0877e+01
1033.560 2.0907e+01
1033.780 2.0938e+01
1034.000 2.0952e+01
1034.220 2.0964e+01
1034.440 2.0970e+01
1034.660 2.0966e+01
1034.880 2.0948e+01
1035.100 2.0930e+01
1035.320 2.0923e+01
1035.540 2.0938e+01
1035.760 2.0952e+01
1035.980 2.0949e+01
1036.200 2.0926e+01
1036.420 2.0900e+01
1036.640 2.0890e+01
1036.860 2.0898e+01
1037.080 2.0914e+01
1037.300 2.0911e+01
1037.520 2.0885e+01
1037.740 2.0852e+01
1037.960 2.0824e+01
1038.180 2.0809e+01
1038.400 2.0800e+01
1038.620 2.0802e+01
1038.840 2.0809e+01
1039.060 2.0813e+01
1039.280 2.0802e+01
1039.500 2.0801e+01
1039.720 2.0824e+01
1039.940 2.0871e+01
1040.160 2.0924e+01
1040.380 2.0949e+01
1040.600 2.0950e+01
1040.820 2.0923e+01
1041.040 2.0896e+01
1041.260 2.0873e+01
1041.480 2.0859e+01
1041.700 2.0859e+01
1041.920 2.0863e+01
1042.140 2.0859e+01
1042.360 2.0846e+01
1042.580 2.0834e+01
1042.800 2.0830e+01
1043.020 2.0834e+01
1043.240 2.0833e+01
1043.460 2.0825e+01
1043.680 2.0821e+01
1043.900 2.0819e+01
1044.120 2.0811e+01
1044.340 2.0800e+01
1044.560 2.0791e+01
1044.780 2.0785e+01
1045.000 2.0784e+01
1045.220 2.0784e+01
1045.440 2.0797e+01
1045.660 2.0815e+01
1045.880 2.0832e+01
1046.100 2.0839e+01
1046.320 2.0837e+01
1046.540 2.0830e+01
1046.760 2.0816e+01
1046.980 2.0797e+01
1047.200 2.0790e+01
1047.420 2.0798e+01
1047.640 2.0828e+01
1047.860 2.0861e+01
1048.080 2.0884e+01
1048.300 2.0898e+01
1048.520 2.0903e+01
1048.740 2.0898e+01
1048.960 2.0860e+01
1049.180 2.0812e+01
1049.400 2.0789e+01
1049.620 2.0789e+01
1049.840 2.0802e+01
1050.060 2.0797e+01
1050.280 2.0775e+01
1050.500 2.0751e+01
1050.720 2.0739e+01
1050.940 2.0736e+01
1051.160 2.0732e+01
1051.380 2.0734e+01
1051.600 2.0744e+01
1051.820 2.0759e+01
1052.040 2.0772e+01
1052.260 2.0792e+01
1052.480 2.0800e+01
1052.700 2.0801e+01
1052.920 2.0808e+01
1053.140 2.0814e+01
1053.360 2.0815e+01
1053.580 2.0813e+01
1053.800 2.0812e+01
1054.020 2.0804e+01
1054.240 2.0781e+01
1054.460 2.0746e+01
1054.680 2.0713e+01
1054.900 2.0690e+01
1055.120 2.0686e+01
1055.340 2.0709e+01
1055.560 2.0747e+01
1055.780 2.0773e+01
1056.000 2.0784e+01
1056.220 2.0769e+01
1056.440 2.0737e+01
1056.660 2.0711e+01
1056.880 2.0717e+01
1057.100 2.0742e+01
1057.320 2.0764e+01
1057.540 2.0777e+01
1057.760 2.0783e+01
1057.980 2.0777e+01
1058.200 2.0762e+01
1058.420 2.0747e+01
1058.640 2.0738e+01
1058.860 2.0740e+01
1059.080 2.0739e+01
1059.300 2.0730e+01
1059.520 2.0720e+01
1059.740 2.0706e+01
1059.960 2.0693e+01
1060.180 2.0683e+01
1060.400 2.0676e+01
1060.620 2.0685e+01
1060.840 2.0715e+01
1061.060 2.0750e+01
1061.280 2.0777e+01
1061.500 2.0773e+01
1061.720 2.0745e+01
1061.940 2.0728e+01
1062.160 2.0735e+01
1062.380 2.0746e+01
1062.600 2.0751e+01
1062.820 2.0760e+01
1063.040 2.0776e+01
1063.260 2.0775e+01
1063.480 2.0757e+01
1063.700 2.0735e+01
1063.920 2.0725e+01
1064.140 2.0728e+01
1064.360 2.0739e+01
1064.580 2.0762e+01
1064.800 2.0780e+01
1065.020 2.0787e+01
1065.240 2.0783e+01
1065.460 2.0781e+01
1065.680 2.0770e+01
1065.900 2.0751e+01
1066.120 2.0733e+01
1066.340 2.0731e+01
1066.560 2.0752e+01
1066.780 2.0771e+01
1067.000 2.0768e+01
1067.220 2.0755e+01
1067.440 2.0747e+01
1067.660 2.0760e+01
1067.880 2.0798e+01
1068.100 2.0843e+01
1068.320 2.0872e+01
1068.540 2.0865e+01
1068.760 2.0865e+01
1068.980 2.0910e+01
1069.200 2.1020e+01
1069.420 2.1142e+01
1069.640 2.1157e+01
1069.860 2.1063e+01
1070.080 2.0967e+01
1070.300 2.0894e+01
1070.520 2.0846e+01
1070.740 2.0820e+01
1070.960 2.0800e+01
1071.180 2.0801e+01
1071.400 2.0832e+01
1071.620 2.0882e+01
1071.840 2.0916e+01
1072.060 2.0898e+01
1072.280 2.0847e+01
1072.500 2.0806e+01
1072.720 2.0789e+01
1072.940 2.0777e+01
1073.160 2.0759e+01
1073.380 2.0737e+01
1073.600 2.0719e+01
1073.820 2.0727e+01
1074.040 2.0747e+01
1074.260 2.0760e+01
1074.480 2.0767e+01
1074.700 2.0794e+01
1074.920 2.0821e+01
1075.140 2.0827e+01
1075.360 2.0819e+01
1075.580 2.0823e+01
1075.800 2.0852e+01
1076.020 2.0881e+01
1076.240 2.0859e+01
1076.460 2.0794e+01
1076.680 2.0710e+01
1076.900 2.0652e+01
1077.120 2.0637e+01
1077.340 2.0639e+01
1077.560 2.0651e+01
1077.780 2.0672e+01
1078.000 2.0693e+01
1078.220 2.0701e+01
1078.440 2.0708e+01
1078.660 2.0718e+01
1078.880 2.0723e+01
1079.100 2.0706e+01
1079.320 2.0673e+01
1079.540 2.0662e+01
1079.760 2.0688e+01
1079.980 2.0736e+01
1080.200 2.0780e+01
1080.420 2.0795e+01
1080.640 2.0773e+01
1080.860 2.0736e+01
1081.080 2.0698e+01
1081.300 2.0672e+01
1081.520 2.0666e+01
1081.740 2.0695e+01
1081.960 2.0772e+01
1082.180 2.0875e+01
1082.400 2.0939e+01
1082.620 2.0928e+01
1082.840 2.0870e+01
1083.060 2.0814e+01
1083.280 2.0786e+01
1083.500 2.0779e+01
1083.720 2.0749e+01
1083.940 2.0712e+01
1084.160 2.0679e+01
1084.380 2.0652e+01
1084.600 2.0636e+01
1084.820 2.0640e+01
1085.040 2.0667e+01
1085.260 2.0708e+01
1085.480 2.0739e+01
1085.700 2.0737e+01
1085.920 2.0731e+01
1086.140 2.0753e+01
1086.360 2.0800e+01
1086.580 2.0832e+01
1086.800 2.0802e+01
1087.020 2.0734e+01
1087.240 2.0680e+01
1087.460 2.0651e+01
1087.680 2.0644e+01
1087.900 2.0653e+01
1088.120 2.0666e+01
1088.340 2.0666e+01
1088.560 2.0651e+01
1088.780 2.0637e+01
1089.000 2.0629e+01
1089.220 2.0627e+01
1089.440 2.0632e+01
1089.660 2.0642e+01
1089.880 2.0651e+01
1090.100 2.0676e+01
1090.320 2.0727e+01
1090.540 2.0811e+01
1090.760 2.0858e+01
1090.980 2.0803e+01
1091.200 2.0712e+01
1091.420 2.0655e+01
1091.640 2.0640e+01
1091.860 2.0646e+01
1092.080 2.0664e+01
1092.300 2.0699e+01
1092.520 2.0731e+01
1092.740 2.0746e+01
1092.960 2.0743e+01
1093.180 2.0733e+01
1093.400 2.0719e+01
1093.620 2.0702e+01
1093.840 2.0677e+01
1094.060 2.0656e+01
1094.280 2.0646e+01
1094.500 2.0645e+01
1094.720 2.0655e+01
1094.940 2.0674e+01
1095.160 2.0699e+01
1095.380 2.0720e+01
1095.600 2.0735e+01
1095.820 2.0762e+01
1096.040 2.0815e+01
1096.260 2.0863e+01
1096.480 2.0873e+01
1096.700 2.0843e+01
1096.920 2.0785e+01
1097.140 2.0727e+01
1097.360 2.0694e+01
1097.580 2.0691e+01
1097.800 2.0707e+01
1098.020 2.0718e+01
1098.240 2.0715e+01
1098.460 2.0706e+01
1098.680 2.0699e+01
1098.900 2.0695e+01
1099.120 2.0684e+01
1099.340 2.0678e+01
1099.560 2.0693e+01
1099.780 2.0726e+01
1100.000 2.0762e+01
1100.220 2.0785e+01
1100.440 2.0786e+01
1100.660 2.0779e+01
1100.880 2.0785e+01
1101.100 2.0817e+01
1101.320 2.0851e+01
1101.540 2.0848e+01
1101.760 2.0795e+01
1101.980 2.0740e+01
1102.200 2.0721e+01
1102.420 2.0741e+01
1102.640 2.0786e+01
1102.860 2.0841e+01
1103.080 2.0870e+01
1103.300 2.0852e+01
1103.520 2.0824e+01
1103.740 2.0812e+01
1103.960 2.0816e+01
1104.180 2.0811e+01
1104.400 2.0791e+01
1104.620 2.0780e+01
1104.840 2.0783e+01
1105.060 2.0780e+01
1105.280 2.0757e+01
1105.500 2.0730e+01
1105.720 2.0722e+01
1105.940 2.0742e+01
1106.160 2.0754e+01
1106.380 2.0740e+01
1106.600 2.0711e+01
1106.820 2.0681e+01
1107.040 2.0652e+01
1107.260 2.0630e+01
1107.480 2.0636e+01
1107.700 2.0676e+01
1107.920 2.0720e+01
1108.140 2.0740e+01
1108.360 2.0750e+01
1108.580 2.0779e+01
1108.800 2.0845e+01
1109.020 2.0899e+01
1109.240 2.0881e+01
1109.460 2.0799e+01
1109.680 2.0703e+01
1109.900 2.0633e+01
1110.120 2.0610e+01
1110.340 2.0626e+01
1110.560 2.0669e+01
1110.780 2.0719e+01
1111.000 2.0753e+01
1111.220 2.0753e+01
1111.440 2.0743e+01
1111.660 2.0721e+01
1111.880 2.0683e+01
1112.100 2.0651e+01
1112.320 2.0638e+01
1112.540 2.0631e+01
1112.760 2.0629e+01
1112.980 2.0619e+01
1113.200 2.0604e+01
1113.420 2.0588e+01
1113.640 2.0584e+01
1113.860 2.0609e+01
1114.080 2.0658e+01
1114.300 2.0708e+01
1114.520 2.0727e+01
1114.740 2.0723e+01
1114.960 2.0711e+01
1115.180 2.0697e+01
1115.400 2.0681e+01
1115.620 2.0677e+01
1115.840 2.0690e+01
1116.060 2.0701e+01
1116.280 2.0694e+01
1116.500 2.0683e+01
1116.720 2.0675e+01
1116.940 2.0673e+01
1117.160 2.0696e+01
1117.380 2.0755e+01
1117.600 2.0810e+01
1117.820 2.0816e+01
1118.040 2.0787e+01
1118.260 2.0754e+01
1118.480 2.0727e+01
1118.700 2.0703e+01
1118.920 2.0678e+01
1119.140 2.0665e+01
1119.360 2.0660e+01
1119.580 2.0655e+01
1119.800 2.0649e+01
1120.020 2.0639e+01
1120.240 2.0622e+01
1120.460 2.0603e+01
1120.680 2.0596e+01
1120.900 2.0614e+01
1121.120 2.0650e+01
1121.340 2.0693e+01
1121.560 2.0740e+01
1121.780 2.0768e+01
1122.000 2.0746e+01
1122.220 2.0695e+01
1122.440 2.0651e+01
1122.660 2.0638e+01
1122.880 2.0651e+01
1123.100 2.0668e+01
1123.320 2.0685e+01
1123.540 2.0701e+01
1123.760 2.0721e+01
1123.980 2.0733e+01
1124.200 2.0729e+01
1124.420 2.0709e+01
1124.640 2.0675e+01
1124.860 2.0648e+01
1125.080 2.0638e+01
1125.300 2.0629e+01
1125.520 2.0615e+01
1125.740 2.0597e+01
1125.960 2.0586e+01
1126.180 2.0590e+01
1126.400 2.0611e+01
1126.620 2.0637e+01
1126.840 2.0673e+01
1127.060 2.0712e+01
1127.280 2.0743e+01
1127.500 2.0753e+01
1127.720 2.0740e+01
1127.940 2.0726e+01
1128.160 2.0725e+01
1128.380 2.0724e+01
1128.600 2.0713e+01
1128.820 2.0692e+01
1129.040 2.0673e+01
1129.260 2.0663e+01
1129.480 2.0652e+01
1129.700 2.0637e+01
1129.920 2.0635e+01
1130.140 2.0663e+01
1130.360 2.0706e+01
1130.580 2.0725e+01
1130.800 2.0716e+01
1131.020 2.0710e+01
1131.240 2.0714e+01
1131.460 2.0720e+01
1131.680 2.0706e+01
1131.900 2.0691e+01
1132.120 2.0706e+01
1132.340 2.0726e+01
1132.560 2.0728e+01
1132.780 2.0712e+01
1133.000 2.0701e+01
1133.220 2.0705e+01
1133.440 2.0716e+01
1133.660 2.0723e+01
1133.880 2.0719e+01
1134.100 2.0701e+01
1134.320 2.0668e+01
1134.540 2.0635e+01
1134.760 2.0616e+01
1134.980 2.0607e+01
1135.200 2.0605e+01
1135.420 2.0616e+01
1135.640 2.0635e+01
1135.860 2.0669e+01
1136.080 2.0714e+01
1136.300 2.0757e+01
1136.520 2.0859e+01
1136.740 2.0993e+01
1136.960 2.1040e+01
1137.180 2.0976e+01
1137.400 2.0893e+01
1137.620 2.0900e+01
1137.840 2.1003e+01
1138.060 2.1048e+01
1138.280 2.0972e+01
1138.500 2.0811e+01
1138.720 2.0702e+01
1138.940 2.0671e+01
1139.160 2.0659e+01
1139.380 2.0658e+01
1139.600 2.0675e+01
1139.820 2.0729e+01
1140.040 2.0857e+01
1140.260 2.1017e+01
1140.480 2.1083e+01
1140.700 2.0968e+01
1140.920 2.0808e+01
1141.140 2.0705e+01
1141.360 2.0662e+01
1141.580 2.0649e+01
1141.800 2.0652e+01
1142.020 2.0687e+01
1142.240 2.0745e+01
1142.460 2.0775e+01
1142.680 2.0750e+01
1142.900 2.0727e+01
1143.120 2.0711e+01
1143.340 2.0688e+01
1143.560 2.0659e+01
1143.780 2.0633e+01
1144.000 2.0615e+01
1144.220 2.0613e+01
1144.440 2.0626e+01
1144.660 2.0648e+01
1144.880 2.0697e+01
1145.100 2.0756e+01
1145.320 2.0792e+01
1145.540 2.0807e+01
1145.760 2.0807e+01
1145.980 2.0793e+01
1146.200 2.0755e+01
1146.420 2.0695e+01
1146.640 2.0637e+01
1146.860 2.0601e+01
1147.080 2.0607e+01
1147.300 2.0643e+01
1147.520 2.0679e+01
1147.740 2.0683e+01
1147.960 2.0648e+01
1148.180 2.0604e+01
1148.400 2.0576e+01
1148.620 2.0565e+01
1148.840 2.0574e+01
1149.060 2.0601e+01
1149.280 2.0653e+01
1149.500 2.0721e+01
1149.720 2.0795e+01
1149.940 2.0825e+01
1150.160 2.0773e+01
1150.380 2.0680e+01
1150.600 2.0609e+01
1150.820 2.0597e+01
1151.040 2.0625e+01
1151.260 2.0663e+01
1151.480 2.0681e+01
1151.700 2.0658e+01
1151.920 2.0615e+01
1152.140 2.0573e+01
1152.360 2.0553e+01
1152.580 2.0548e+01
1152.800 2.0553e+01
1153.020 2.0560e+01
1153.240 2.0566e+01
1153.460 2.0562e+01
1153.680 2.0549e+01
1153.900 2.0548e+01
1154.120 2.0572e+01
1154.340 2.0614e+01
1154.560 2.0642e+01
1154.780 2.0651e+01
1155.000 2.0653e+01
1155.220 2.0649e+01
1155.440 2.0628e+01
1155.660 2.0612e+01
1155.880 2.0615e+01
1156.100 2.0623e+01
1156.320 2.0605e+01
1156.540 2.0556e+01
1156.760 2.0517e+01
1156.980 2.0507e+01
1157.200 2.0530e+01
1157.420 2.0579e+01
1157.640 2.0648e+01
1157.860 2.0722e+01
1158.080 2.0779e+01
1158.300 2.0817e+01
1158.520 2.0819e+01
1158.740 2.0783e+01
1158.960 2.0771e+01
1159.180 2.0820e+01
1159.400 2.0857e+01
1159.620 2.0825e+01
1159.840 2.0715e+01
1160.060 2.0640e+01
1160.280 2.0647e+01
1160.500 2.0657e+01
1160.720 2.0641e+01
1160.940 2.0586e+01
1161.160 2.0533e+01
1161.380 2.0521e+01
1161.600 2.0544e+01
1161.820 2.0581e+01
1162.040 2.0619e+01
1162.260 2.0648e+01
1162.480 2.0637e+01
1162.700 2.0586e+01
1162.920 2.0518e+01
1163.140 2.0483e+01
1163.360 2.0482e+01
1163.580 2.0486e+01
1163.800 2.0482e+01
1164.020 2.0472e+01
1164.240 2.0475e+01
1164.460 2.0488e+01
1164.680 2.0500e+01
1164.900 2.0516e+01
1165.120 2.0562e+01
1165.340 2.0624e+01
1165.560 2.0662e+01
1165.780 2.0643e+01
1166.000 2.0600e+01
1166.220 2.0574e+01
1166.440 2.0561e+01
1166.660 2.0538e+01
1166.880 2.0495e+01
1167.100 2.0464e+01
1167.320 2.0466e+01
1167.540 2.0480e+01
1167.760 2.0486e+01
1167.980 2.0474e+01
1168.200 2.0456e+01
1168.420 2.0453e+01
1168.640 2.0462e+01
1168.860 2.0472e+01
1169.080 2.0486e+01
1169.300 2.0500e+01
1169.520 2.0518e+01
1169.740 2.0527e+01
1169.960 2.0521e+01
1170.180 2.0510e+01
1170.400 2.0503e+01
1170.620 2.0504e+01
1170.840 2.0511e+01
1171.060 2.0540e+01
1171.280 2.0572e+01
1171.500 2.0587e+01
1171.720 2.0610e+01
1171.940 2.0677e+01
1172.160 2.0752e+01
1172.380 2.0771e+01
1172.600 2.0674e+01
1172.820 2.0575e+01
1173.040 2.0537e+01
1173.260 2.0527e+01
1173.480 2.0517e+01
1173.700 2.0492e+01
1173.920 2.0476e+01
1174.140 2.0480e+01
1174.360 2.0498e+01
1174.580 2.0536e+01
1174.800 2.0583e+01
1175.020 2.0608e+01
1175.240 2.0574e+01
1175.460 2.0531e+01
1175.680 2.0510e+01
1175.900 2.0514e+01
1176.120 2.0527e+01
1176.340 2.0538e+01
1176.560 2.0551e+01
1176.780 2.0563e+01
1177.000 2.0551e+01
1177.220 2.0518e+01
1177.440 2.0485e+01
1177.660 2.0465e+01
1177.880 2.0454e+01
1178.100 2.0433e+01
1178.320 2.0417e+01
1178.540 2.0416e+01
1178.760 2.0420e+01
1178.980 2.0423e+01
1179.200 2.0434e+01
1179.420 2.0452e+01
1179.640 2.0472e+01
1179.860 2.0486e+01
1180.080 2.0501e+01
1180.300 2.0514e+01
1180.520 2.0524e+01
1180.740 2.0522e+01
1180.960 2.0520e+01
1181.180 2.0552e+01
1181.400 2.0604e+01
1181.620 2.0642e+01
1181.840 2.0625e+01
1182.060 2.0557e+01
1182.280 2.0491e+01
1182.500 2.0453e+01
1182.720 2.0453e+01
1182.940 2.0461e+01
1183.160 2.0464e+01
1183.380 2.0464e+01
1183.600 2.0465e+01
1183.820 2.0479e+01
1184.040 2.0492e+01
1184.260 2.0498e+01
1184.480 2.0491e+01
1184.700 2.0478e+01
1184.920 2.0464e+01
1185.140 2.0462e+01
1185.360 2.0479e+01
1185.580 2.0503e+01
1185.800 2.0528e+01
1186.020 2.0544e+01
1186.240 2.0548e+01
1186.460 2.0543e+01
1186.680 2.0538e+01
1186.900 2.0543e+01
1187.120 2.0569e+01
1187.340 2.0600e+01
1187.560 2.0595e+01
1187.780 2.0559e+01
1188.000 2.0522e+01
1188.220 2.0504e+01
1188.440 2.0502e+01
1188.660 2.0526e+01
1188.880 2.0576e+01
1189.100 2.0644e+01
1189.320 2.0663e+01
1189.540 2.0619e+01
1189.760 2.0581e+01
1189.980 2.0569e+01
1190.200 2.0582e+01
1190.420 2.0566e+01
1190.640 2.0516e+01
1190.860 2.0484e+01
1191.080 2.0477e+01
1191.300 2.0476e+01
1191.520 2.0464e+01
1191.740 2.0442e+01
1191.960 2.0438e+01
1192.180 2.0453e+01
1192.400 2.0471e+01
1192.620 2.0480e+01
1192.840 2.0478e+01
1193.060 2.0485e+01
1193.280 2.0503e+01
1193.500 2.0495e+01
1193.720 2.0462e+01
1193.940 2.0432e+01
1194.160 2.0447e+01
1194.380 2.0513e+01
1194.600 2.0553e+01
1194.820 2.0544e+01
1195.040 2.0515e+01
1195.260 2.0513e+01
1195.480 2.0548e+01
1195.700 2.0565e+01
1195.920 2.0551e+01
1196.140 2.0508e+01
1196.360 2.0458e+01
1196.580 2.0420e+01
1196.800 2.0401e+01
1197.020 2.0399e+01
1197.240 2.0398e+01
1197.460 2.0401e+01
1197.680 2.0422e+01
1197.900 2.0468e+01
1198.120 2.0536e+01
1198.340 2.0567e+01
1198.560 2.0546e+01
1198.780 2.0482e+01
1199.000 2.0434e+01
1199.220 2.0431e+01
1199.440 2.0441e+01
1199.660 2.0462e+01
1199.880 2.0505e+01
1200.100 2.0554e+01
1200.320 2.0566e+01
1200.540 2.0525e+01
1200.760 2.0453e+01
1200.980 2.0420e+01
1201.200 2.0425e+01
1201.420 2.0457e+01
1201.640 2.0495e+01
1201.860 2.0514e+01
1202.080 2.0506e+01
1202.300 2.0482e+01
1202.520 2.0462e+01
1202.740 2.0451e+01
1202.960 2.0446e+01
1203.180 2.0448e+01
1203.400 2.0457e+01
1203.620 2.0469e+01
1203.840 2.0477e+01
1204.060 2.0480e+01
1204.280 2.0492e+01
1204.500 2.0521e+01
1204.720 2.0561e+01
1204.940 2.0584e+01
1205.160 2.0546e+01
1205.380 2.0495e+01
1205.600 2.0485e+01
1205.820 2.0507e+01
1206.040 2.0534e+01
1206.260 2.0509e+01
1206.480 2.0462e+01
1206.700 2.0432e+01
1206.920 2.0431e+01
1207.140 2.0459e+01
1207.360 2.0482e+01
1207.580 2.0488e+01
1207.800 2.0467e+01
1208.020 2.0452e+01
1208.240 2.0451e+01
1208.460 2.0457e+01
1208.680 2.0461e+01
1208.900 2.0457e+01
1209.120 2.0455e+01
1209.340 2.0464e+01
1209.560 2.0460e+01
1209.780 2.0441e+01
1210.000 2.0434e+01
1210.220 2.0448e+01
1210.440 2.0480e+01
1210.660 2.0491e+01
1210.880 2.0478e+01
1211.100 2.0479e+01
1211.320 2.0494e+01
1211.540 2.0500e+01
1211.760 2.0483e+01
1211.980 2.0455e+01
1212.200 2.0450e+01
1212.420 2.0474e+01
1212.640 2.0504e+01
1212.860 2.0524e+01
1213.080 2.0517e+01
1213.300 2.0501e+01
1213.520 2.0483e+01
1213.740 2.0462e+01
1213.960 2.0438e+01
1214.180 2.0414e+01
1214.400 2.0402e+01
1214.620 2.0410e+01
1214.840 2.0414e+01
1215.060 2.0413e+01
1215.280 2.0413e+01
1215.500 2.0422e+01
1215.720 2.0450e+01
1215.940 2.0488e+01
1216.160 2.0527e+01
1216.380 2.0517e+01
1216.600 2.0476e+01
1216.820 2.0436e+01
1217.040 2.0421e+01
1217.260 2.0429e+01
1217.480 2.0442e+01
1217.700 2.0450e+01
1217.920 2.0453e+01
1218.140 2.0447e+01
1218.360 2.0435e+01
1218.580 2.0424e+01
1218.800 2.0408e+01
1219.020 2.0397e+01
1219.240 2.0400e+01
1219.460 2.0416e+01
1219.680 2.0428e+01
1219.900 2.0431e+01
1220.120 2.0427e+01
1220.340 2.0419e+01
1220.560 2.0400e+01
1220.780 2.0381e+01
1221.000 2.0373e+01
1221.220 2.0374e+01
1221.440 2.0382e+01
1221.660 2.0400e+01
1221.880 2.0414e+01
1222.100 2.0417e+01
1222.320 2.0411e+01
1222.540 2.0406e+01
1222.760 2.0408e+01
1222.980 2.0409e+01
1223.200 2.0406e+01
1223.420 2.0411e+01
1223.640 2.0425e+01
1223.860 2.0434e+01
1224.080 2.0435e+01
1224.300 2.0434e+01
1224.520 2.0437e+01
1224.740 2.0443e+01
1224.960 2.0445e+01
1225.180 2.0442e+01
1225.400 2.0436e+01
1225.620 2.0430e+01
1225.840 2.0433e+01
1226.060 2.0443e+01
1226.280 2.0445e+01
1226.500 2.0420e+01
1226.720 2.0401e+01
1226.940 2.0406e+01
1227.160 2.0405e+01
1227.380 2.0397e+01
1227.600 2.0395e+01
1227.820 2.0397e+01
1228.040 2.0404e+01
1228.260 2.0408e+01
1228.480 2.0408e+01
1228.700 2.0433e+01
1228.920 2.0473e+01
1229.140 2.0520e+01
1229.360 2.0547e+01
1229.580 2.0534e+01
1229.800 2.0507e+01
1230.020 2.0477e+01
1230.240 2.0463e+01
1230.460 2.0462e+01
1230.680 2.0459e+01
1230.900 2.0437e+01
1231.120 2.0407e+01
1231.340 2.0400e+01
1231.560 2.0418e+01
1231.780 2.0451e+01
1232.000 2.0474e+01
1232.220 2.0486e+01
1232.440 2.0496e+01
1232.660 2.0489e+01
1232.880 2.0442e+01
1233.100 2.0392e+01
1233.320 2.0361e+01
1233.540 2.0349e+01
1233.760 2.0352e+01
1233.980 2.0356e+01
1234.200 2.0359e+01
1234.420 2.0350e+01
1234.640 2.0342e+01
1234.860 2.0352e+01
1235.080 2.0405e+01
1235.300 2.0474e+01
1235.520 2.0502e+01
1235.740 2.0480e+01
1235.960 2.0429e+01
1236.180 2.0412e+01
1236.400 2.0414e+01
1236.620 2.0399e+01
1236.840 2.0387e+01
1237.060 2.0407e+01
1237.280 2.0444e+01
1237.500 2.0477e+01
1237.720 2.0461e+01
1237.940 2.0427e+01
1238.160 2.0399e+01
1238.380 2.0376e+01
1238.600 2.0359e+01
1238.820 2.0353e+01
1239.040 2.0358e+01
1239.260 2.0370e+01
1239.480 2.0384e+01
1239.700 2.0400e+01
1239.920 2.0416e+01
1240.140 2.0427e+01
1240.360 2.0425e+01
1240.580 2.0417e+01
1240.800 2.0415e+01
1241.020 2.0424e+01
1241.240 2.0435e+01
1241.460 2.0425e+01
1241.680 2.0412e+01
1241.900 2.0405e+01
1242.120 2.0396e+01
1242.340 2.0390e+01
1242.560 2.0393e+01
1242.780 2.0399e+01
1243.000 2.0403e+01
1243.220 2.0394e+01
1243.440 2.0376e+01
1243.660 2.0379e+01
1243.880 2.0399e+01
1244.100 2.0410e+01
1244.320 2.0416e+01
1244.540 2.0434e+01
1244.760 2.0470e+01
1244.980 2.0499e+01
1245.200 2.0470e+01
1245.420 2.0434e+01
1245.640 2.0435e+01
1245.860 2.0433e+01
1246.080 2.0410e+01
1246.300 2.0390e+01
1246.520 2.0386e+01
1246.740 2.0401e+01
1246.960 2.0414e+01
1247.180 2.0409e+01
1247.400 2.0399e+01
1247.620 2.0388e+01
1247.840 2.0366e+01
1248.060 2.0347e+01
1248.280 2.0342e+01
1248.500 2.0344e+01
1248.720 2.0349e+01
1248.940 2.0345e+01
1249.160 2.0343e+01
1249.380 2.0353e+01
1249.600 2.0364e+01
1249.820 2.0376e+01
1250.040 2.0400e+01
1250.260 2.0419e+01
1250.480 2.0408e+01
1250.700 2.0392e+01
1250.920 2.0395e+01
1251.140 2.0407e+01
1251.360 2.0415e+01
1251.580 2.0402e+01
1251.800 2.0380e+01
1252.020 2.0359e+01
1252.240 2.0344e+01
1252.460 2.0338e+01
1252.680 2.0342e+01
1252.900 2.0347e+01
1253.120 2.0349e+01
1253.340 2.0354e+01
1253.560 2.0367e+01
1253.780 2.0384e+01
1254.000 2.0396e+01
1254.220 2.0411e+01
1254.440 2.0417e+01
1254.660 2.0398e+01
1254.880 2.0385e+01
1255.100 2.0384e+01
1255.320 2.0404e+01
1255.540 2.0433e+01
1255.760 2.0451e+01
1255.980 2.0465e+01
1256.200 2.0472e+01
1256.420 2.0458e+01
1256.640 2.0439e+01
1256.860 2.0404e+01
1257.080 2.0370e+01
1257.300 2.0354e+01
1257.520 2.0345e+01
1257.740 2.0341e+01
1257.960 2.0338e+01
1258.180 2.0332e+01
1258.400 2.0319e+01
1258.620 2.0309e+01
1258.840 2.0302e+01
1259.060 2.0295e+01
1259.280 2.0293e+01
1259.500 2.0304e+01
1259.720 2.0322e+01
1259.940 2.0340e+01
1260.160 2.0338e+01
1260.380 2.0320e+01
1260.600 2.0320e+01
1260.820 2.0332e+01
1261.040 2.0344e+01
1261.260 2.0332e+01
1261.480 2.0306e+01
1261.700 2.0299e+01
1261.920 2.0305e+01
1262.140 2.0314e+01
1262.360 2.0320e+01
1262.580 2.0315e+01
1262.800 2.0312e+01
1263.020 2.0313e+01
1263.240 2.0320e+01
1263.460 2.0322e+01
1263.680 2.0311e+01
1263.900 2.0297e+01
1264.120 2.0293e+01
1264.340 2.0313e+01
1264.560 2.0334e+01
1264.780 2.0327e+01
1265.000 2.0311e+01
1265.220 2.0302e+01
1265.440 2.0330e+01
1265.660 2.0368e+01
1265.880 2.0382e+01
1266.100 2.0365e+01
1266.320 2.0320e+01
1266.540 2.0292e+01
1266.760 2.0284e+01
1266.980 2.0296e+01
1267.200 2.0321e+01
1267.420 2.0356e+01
1267.640 2.0376e+01
1267.860 2.0370e+01
1268.080 2.0330e+01
1268.300 2.0289e+01
1268.520 2.0273e+01
1268.740 2.0270e+01
1268.960 2.0273e+01
1269.180 2.0279e+01
1269.400 2.0286e+01
1269.620 2.0293e+01
1269.840 2.0300e+01
1270.060 2.0308e+01
1270.280 2.0309e+01
1270.500 2.0308e+01
1270.720 2.0299e+01
1270.940 2.0288e+01
1271.160 2.0290e+01
1271.380 2.0312e+01
1271.600 2.0350e+01
1271.820 2.0390e+01
1272.040 2.0413e+01
1272.260 2.0401e+01
1272.480 2.0396e+01
1272.700 2.0404e+01
1272.920 2.0388e+01
1273.140 2.0358e+01
1273.360 2.0327e+01
1273.580 2.0312e+01
1273.800 2.0317e+01
1274.020 2.0326e+01
1274.240 2.0327e+01
1274.460 2.0308e+01
1274.680 2.0287e+01
1274.900 2.0275e+01
1275.120 2.0281e+01
1275.340 2.0302e+01
1275.560 2.0313e+01
1275.780 2.0303e+01
1276.000 2.0268e+01
1276.220 2.0245e+01
1276.440 2.0245e+01
1276.660 2.0259e+01
1276.880 2.0283e+01
1277.100 2.0301e+01
1277.320 2.0304e+01
1277.540 2.0295e+01
1277.760 2.0286e+01
1277.980 2.0280e+01
1278.200 2.0271e+01
1278.420 2.0263e+01
1278.640 2.0261e+01
1278.860 2.0267e+01
1279.080 2.0280e+01
1279.300 2.0300e+01
1279.520 2.0313e+01
1279.740 2.0302e+01
1279.960 2.0275e+01
1280.180 2.0248e+01
1280.400 2.0241e+01
1280.620 2.0245e+01
1280.840 2.0254e+01
1281.060 2.0262e+01
1281.280 2.0259e+01
1281.500 2.0255e+01
1281.720 2.0251e+01
1281.940 2.0251e+01
1282.160 2.0251e+01
1282.380 2.0245e+01
1282.600 2.0242e+01
1282.820 2.0244e+01
1283.040 2.0247e+01
1283.260 2.0253e+01
1283.480 2.0262e+01
1283.700 2.0267e+01
1283.920 2.0264e+01
1284.140 2.0261e+01
1284.360 2.0263e+01
1284.580 2.0260e+01
1284.800 2.0249e+01
1285.020 2.0234e+01
1285.240 2.0227e+01
1285.460 2.0230e+01
1285.680 2.0239e+01
1285.900 2.0251e+01
1286.120 2.0266e+01
1286.340 2.0278e+01
1286.560 2.0280e+01
1286.780 2.0274e+01
1287.000 2.0267e+01
1287.220 2.0276e+01
1287.440 2.0293e+01
1287.660 2.0308e+01
1287.880 2.0308e+01
1288.100 2.0301e+01
1288.320 2.0315e+01
1288.540 2.0341e+01
1288.760 2.0360e+01
1288.980 2.0347e+01
1289.200 2.0312e+01
1289.420 2.0293e+01
1289.640 2.0287e+01
1289.860 2.0288e+01
1290.080 2.0285e+01
1290.300 2.0281e+01
1290.520 2.0290e+01
1290.740 2.0300e+01
1290.960 2.0287e+01
1291.180 2.0268e+01
1291.400 2.0256e+01
1291.620 2.0254e+01
1291.840 2.0261e+01
1292.060 2.0267e+01
1292.280 2.0267e+01
1292.500 2.0260e+01
1292.720 2.0261e+01
1292.940 2.0271e+01
1293.160 2.0284e+01
1293.380 2.0300e+01
1293.600 2.0309e+01
1293.820 2.0309e+01
1294.040 2.0297e+01
1294.260 2.0295e+01
1294.480 2.0302e+01
1294.700 2.0299e+01
1294.920 2.0300e+01
1295.140 2.0331e+01
1295.360 2.0423e+01
1295.580 2.0561e+01
1295.800 2.0689e+01
1296.020 2.0697e+01
1296.240 2.0560e+01
1296.460 2.0478e+01
1296.680 2.0458e+01
1296.900 2.0516e+01
1297.120 2.0586e+01
1297.340 2.0526e+01
1297.560 2.0433e+01
1297.780 2.0364e+01
1298.000 2.0326e+01
1298.220 2.0304e+01
1298.440 2.0294e+01
1298.660 2.0291e+01
1298.880 2.0291e+01
1299.100 2.0294e+01
1299.320 2.0297e+01
1299.540 2.0292e+01
1299.760 2.0283e+01
1299.980 2.0277e+01
1300.200 2.0271e+01
1300.420 2.0267e+01
1300.640 2.0271e+01
1300.860 2.0287e+01
1301.080 2.0318e+01
1301.300 2.0333e+01
1301.520 2.0323e+01
1301.740 2.0306e+01
1301.960 2.0287e+01
1302.180 2.0273e+01
1302.400 2.0266e+01
1302.620 2.0268e+01
1302.840 2.0275e+01
1303.060 2.0281e+01
1303.280 2.0273e+01
1303.500 2.0260e+01
1303.720 2.0253e+01
1303.940 2.0258e+01
1304.160 2.0276e+01
1304.380 2.0294e+01
1304.600 2.0303e+01
1304.820 2.0286e+01
1305.040 2.0269e+01
1305.260 2.0268e+01
1305.480 2.0279e+01
1305.700 2.0291e+01
1305.920 2.0275e+01
1306.140 2.0255e+01
1306.360 2.0248e+01
1306.580 2.0249e+01
1306.800 2.0259e+01
1307.020 2.0277e+01
1307.240 2.0288e+01
1307.460 2.0279e+01
1307.680 2.0265e+01
1307.900 2.0252e+01
1308.120 2.0250e+01
1308.340 2.0259e+01
1308.560 2.0281e+01
1308.780 2.0292e+01
1309.000 2.0278e+01
1309.220 2.0268e+01
1309.440 2.0270e+01
1309.660 2.0282e+01
1309.880 2.0282e+01
1310.100 2.0265e+01
1310.320 2.0268e+01
1310.540 2.0285e+01
1310.760 2.0282e+01
1310.980 2.0270e+01
1311.200 2.0252e+01
1311.420 2.0237e+01
1311.640 2.0234e+01
1311.860 2.0235e+01
1312.080 2.0242e+01
1312.300 2.0253e+01
1312.520 2.0258e+01
1312.740 2.0250e+01
1312.960 2.0239e+01
1313.180 2.0233e+01
1313.400 2.0226e+01
1313.620 2.0220e+01
1313.840 2.0220e+01
1314.060 2.0224e+01
1314.280 2.0233e+01
1314.500 2.0252e+01
1314.720 2.0272e+01
1314.940 2.0280e+01
1315.160 2.0277e+01
1315.380 2.0262e+01
1315.600 2.0245e+01
1315.820 2.0234e+01
1316.040 2.0248e+01
1316.260 2.0274e+01
1316.480 2.0302e+01
1316.700 2.0301e+01
1316.920 2.0277e+01
1317.140 2.0262e+01
1317.360 2.0253e+01
1317.580 2.0243e+01
1317.800 2.0241e+01
1318.020 2.0244e+01
1318.240 2.0244e+01
1318.460 2.0234e+01
1318.680 2.0217e+01
1318.900 2.0216e+01
1319.120 2.0235e+01
1319.340 2.0257e+01
1319.560 2.0271e+01
1319.780 2.0259e+01
1320.000 2.0244e+01
