# PFS Configuration File
# 2021 Dec 20 : throughput model : 20211220
#
OPTICS 8.3 0.22 0.65 23.39 23.92 24.48 25.07 25.68
SPOT 7.1 8.4 9.7 11.2 13.2
VIGNET 0.94 0.90 0.84 0.78 0.71
FIBER 63.5
ARMS 3
HGCDTE 2
MEDIUM_RESOLUTION 0
PARAM 0 380 650 4096 5
PARAM 1 630 970 4096 5
PARAM 2 940 1260 4096 5
CAMERA 0 1.10 100 15.0 173 14.1 47.0 2.0e-4 4 100
CAMERA 1 1.10 250 15.0 173 14.1 47.0 1.0e-4 4 100
CAMERA 2 1.10  20 15.0 100 14.1 47.0 0.01   4 100
NLINES 0 6.73e4
NLINES 1 5.57e4
NLINES 2 5.91e4
THRPUT
 380.0  0.0446  1.0000  1.0000  1.0000  1.0000  0.0446
 390.0  0.0665  1.0000  1.0000  1.0000  1.0000  0.0665
 400.0  0.0899  1.0000  1.0000  1.0000  1.0000  0.0899
 410.0  0.1092  1.0000  1.0000  1.0000  1.0000  0.1092
 420.0  0.1271  1.0000  1.0000  1.0000  1.0000  0.1271
 430.0  0.1415  1.0000  1.0000  1.0000  1.0000  0.1415
 440.0  0.1523  1.0000  1.0000  1.0000  1.0000  0.1523
 450.0  0.1620  1.0000  1.0000  1.0000  1.0000  0.1620
 460.0  0.1744  1.0000  1.0000  1.0000  1.0000  0.1744
 470.0  0.1901  1.0000  1.0000  1.0000  1.0000  0.1901
 480.0  0.2011  1.0000  1.0000  1.0000  1.0000  0.2011
 490.0  0.2073  1.0000  1.0000  1.0000  1.0000  0.2073
 500.0  0.2121  1.0000  1.0000  1.0000  1.0000  0.2121
 510.0  0.2104  1.0000  1.0000  1.0000  1.0000  0.2104
 520.0  0.2152  1.0000  1.0000  1.0000  1.0000  0.2152
 530.0  0.2189  1.0000  1.0000  1.0000  1.0000  0.2189
 540.0  0.2241  1.0000  1.0000  1.0000  1.0000  0.2241
 550.0  0.2273  1.0000  1.0000  1.0000  1.0000  0.2273
 560.0  0.2319  1.0000  1.0000  1.0000  1.0000  0.2319
 570.0  0.2313  1.0000  1.0000  1.0000  1.0000  0.2313
 580.0  0.2311  1.0000  1.0000  1.0000  1.0000  0.2311
 590.0  0.2312  1.0000  1.0000  1.0000  1.0000  0.2312
 600.0  0.2298  1.0000  1.0000  1.0000  1.0000  0.2298
 610.0  0.2257  1.0000  1.0000  1.0000  1.0000  0.2257
 620.0  0.2196  1.0000  1.0000  1.0000  1.0000  0.2196
 630.0  0.2046  1.0000  1.0000  1.0000  1.0000  0.2046
 640.0  0.1221  1.0000  1.0000  1.0000  1.0000  0.1221
 650.0  0.0313  1.0000  1.0000  1.0000  1.0000  0.0313
D
 630.0  0.0147  1.0000  1.0000  1.0000  1.0000  0.0147
 640.0  0.1016  1.0000  1.0000  1.0000  1.0000  0.1016
 650.0  0.2056  1.0000  1.0000  1.0000  1.0000  0.2056
 660.0  0.2376  1.0000  1.0000  1.0000  1.0000  0.2376
 670.0  0.2377  1.0000  1.0000  1.0000  1.0000  0.2377
 680.0  0.2498  1.0000  1.0000  1.0000  1.0000  0.2498
 690.0  0.2422  1.0000  1.0000  1.0000  1.0000  0.2422
 700.0  0.2454  1.0000  1.0000  1.0000  1.0000  0.2454
 710.0  0.2531  1.0000  1.0000  1.0000  1.0000  0.2531
 720.0  0.2472  1.0000  1.0000  1.0000  1.0000  0.2472
 730.0  0.2457  1.0000  1.0000  1.0000  1.0000  0.2457
 740.0  0.2482  1.0000  1.0000  1.0000  1.0000  0.2482
 750.0  0.2500  1.0000  1.0000  1.0000  1.0000  0.2500
 760.0  0.2568  1.0000  1.0000  1.0000  1.0000  0.2568
 770.0  0.2561  1.0000  1.0000  1.0000  1.0000  0.2561
 780.0  0.2537  1.0000  1.0000  1.0000  1.0000  0.2537
 790.0  0.2561  1.0000  1.0000  1.0000  1.0000  0.2561
 800.0  0.2574  1.0000  1.0000  1.0000  1.0000  0.2574
 810.0  0.2561  1.0000  1.0000  1.0000  1.0000  0.2561
 820.0  0.2541  1.0000  1.0000  1.0000  1.0000  0.2541
 830.0  0.2555  1.0000  1.0000  1.0000  1.0000  0.2555
 840.0  0.2575  1.0000  1.0000  1.0000  1.0000  0.2575
 850.0  0.2540  1.0000  1.0000  1.0000  1.0000  0.2540
 860.0  0.2456  1.0000  1.0000  1.0000  1.0000  0.2456
 870.0  0.2463  1.0000  1.0000  1.0000  1.0000  0.2463
 880.0  0.2490  1.0000  1.0000  1.0000  1.0000  0.2490
 890.0  0.2475  1.0000  1.0000  1.0000  1.0000  0.2475
 900.0  0.2499  1.0000  1.0000  1.0000  1.0000  0.2499
 910.0  0.2423  1.0000  1.0000  1.0000  1.0000  0.2423
 920.0  0.2356  1.0000  1.0000  1.0000  1.0000  0.2356
 930.0  0.2290  1.0000  1.0000  1.0000  1.0000  0.2290
 940.0  0.2143  1.0000  1.0000  1.0000  1.0000  0.2143
 950.0  0.1648  1.0000  1.0000  1.0000  1.0000  0.1648
 960.0  0.0784  1.0000  1.0000  1.0000  1.0000  0.0784
 970.0  0.0182  1.0000  1.0000  1.0000  1.0000  0.0182
D
 940.0  0.0043  1.0000  1.0000  1.0000  1.0000  0.0043
 950.0  0.0361  1.0000  1.0000  1.0000  1.0000  0.0361
 960.0  0.1002  1.0000  1.0000  1.0000  1.0000  0.1002
 970.0  0.1547  1.0000  1.0000  1.0000  1.0000  0.1547
 980.0  0.1748  1.0000  1.0000  1.0000  1.0000  0.1748
 990.0  0.1790  1.0000  1.0000  1.0000  1.0000  0.1790
1000.0  0.1833  1.0000  1.0000  1.0000  1.0000  0.1833
1010.0  0.1841  1.0000  1.0000  1.0000  1.0000  0.1841
1020.0  0.1848  1.0000  1.0000  1.0000  1.0000  0.1848
1030.0  0.1863  1.0000  1.0000  1.0000  1.0000  0.1863
1040.0  0.1878  1.0000  1.0000  1.0000  1.0000  0.1878
1050.0  0.1896  1.0000  1.0000  1.0000  1.0000  0.1896
1060.0  0.1920  1.0000  1.0000  1.0000  1.0000  0.1920
1070.0  0.1940  1.0000  1.0000  1.0000  1.0000  0.1940
1080.0  0.1949  1.0000  1.0000  1.0000  1.0000  0.1949
1090.0  0.1952  1.0000  1.0000  1.0000  1.0000  0.1952
1100.0  0.1970  1.0000  1.0000  1.0000  1.0000  0.1970
1110.0  0.1959  1.0000  1.0000  1.0000  1.0000  0.1959
1120.0  0.1942  1.0000  1.0000  1.0000  1.0000  0.1942
1130.0  0.1925  1.0000  1.0000  1.0000  1.0000  0.1925
1140.0  0.1903  1.0000  1.0000  1.0000  1.0000  0.1903
1150.0  0.1865  1.0000  1.0000  1.0000  1.0000  0.1865
1160.0  0.1822  1.0000  1.0000  1.0000  1.0000  0.1822
1170.0  0.1771  1.0000  1.0000  1.0000  1.0000  0.1771
1180.0  0.1720  1.0000  1.0000  1.0000  1.0000  0.1720
1190.0  0.1673  1.0000  1.0000  1.0000  1.0000  0.1673
1200.0  0.1627  1.0000  1.0000  1.0000  1.0000  0.1627
1210.0  0.1580  1.0000  1.0000  1.0000  1.0000  0.1580
1220.0  0.1537  1.0000  1.0000  1.0000  1.0000  0.1537
1230.0  0.1478  1.0000  1.0000  1.0000  1.0000  0.1478
1240.0  0.1377  1.0000  1.0000  1.0000  1.0000  0.1377
1250.0  0.1312  1.0000  1.0000  1.0000  1.0000  0.1312
1260.0  0.1300  1.0000  1.0000  1.0000  1.0000  0.1300
D
