# PFS Configuration File
# 2023 Oct 01 : throughput model : 20231001
#
OPTICS 8.3 0.22 0.65 23.39 23.92 24.48 25.07 25.68
SPOT 7.1 8.4 9.7 11.2 13.2
VIGNET 0.94 0.90 0.84 0.78 0.71
FIBER 63.5
ARMS 3
HGCDTE 2
MEDIUM_RESOLUTION 0
PARAM 0 380 650 4096 5
PARAM 1 630 970 4096 5
PARAM 2 940 1260 4096 5
CAMERA 0 1.10 100 15.0 173 14.1 47.0 2.0e-4 4 100
CAMERA 1 1.10 250 15.0 173 14.1 47.0 1.0e-4 4 100
CAMERA 2 1.10  20 15.0 100 14.1 47.0 0.01   4 100
NLINES 0 6.73e4
NLINES 1 5.57e4
NLINES 2 5.91e4
THRPUT
 380.0  0.0453  1.0000  1.0000  1.0000  1.0000  0.0453
 385.0  0.0677  1.0000  1.0000  1.0000  1.0000  0.0677
 390.0  0.0711  1.0000  1.0000  1.0000  1.0000  0.0711
 395.0  0.0775  1.0000  1.0000  1.0000  1.0000  0.0775
 400.0  0.0889  1.0000  1.0000  1.0000  1.0000  0.0889
 405.0  0.0985  1.0000  1.0000  1.0000  1.0000  0.0985
 410.0  0.1084  1.0000  1.0000  1.0000  1.0000  0.1084
 415.0  0.1190  1.0000  1.0000  1.0000  1.0000  0.1190
 420.0  0.1298  1.0000  1.0000  1.0000  1.0000  0.1298
 425.0  0.1365  1.0000  1.0000  1.0000  1.0000  0.1365
 430.0  0.1423  1.0000  1.0000  1.0000  1.0000  0.1423
 435.0  0.1493  1.0000  1.0000  1.0000  1.0000  0.1493
 440.0  0.1555  1.0000  1.0000  1.0000  1.0000  0.1555
 445.0  0.1613  1.0000  1.0000  1.0000  1.0000  0.1613
 450.0  0.1670  1.0000  1.0000  1.0000  1.0000  0.1670
 455.0  0.1743  1.0000  1.0000  1.0000  1.0000  0.1743
 460.0  0.1827  1.0000  1.0000  1.0000  1.0000  0.1827
 465.0  0.1895  1.0000  1.0000  1.0000  1.0000  0.1895
 470.0  0.1951  1.0000  1.0000  1.0000  1.0000  0.1951
 475.0  0.1994  1.0000  1.0000  1.0000  1.0000  0.1994
 480.0  0.2026  1.0000  1.0000  1.0000  1.0000  0.2026
 485.0  0.2047  1.0000  1.0000  1.0000  1.0000  0.2047
 490.0  0.2064  1.0000  1.0000  1.0000  1.0000  0.2064
 495.0  0.2107  1.0000  1.0000  1.0000  1.0000  0.2107
 500.0  0.2140  1.0000  1.0000  1.0000  1.0000  0.2140
 505.0  0.2125  1.0000  1.0000  1.0000  1.0000  0.2125
 510.0  0.2107  1.0000  1.0000  1.0000  1.0000  0.2107
 515.0  0.2128  1.0000  1.0000  1.0000  1.0000  0.2128
 520.0  0.2155  1.0000  1.0000  1.0000  1.0000  0.2155
 525.0  0.2157  1.0000  1.0000  1.0000  1.0000  0.2157
 530.0  0.2149  1.0000  1.0000  1.0000  1.0000  0.2149
 535.0  0.2149  1.0000  1.0000  1.0000  1.0000  0.2149
 540.0  0.2156  1.0000  1.0000  1.0000  1.0000  0.2156
 545.0  0.2167  1.0000  1.0000  1.0000  1.0000  0.2167
 550.0  0.2178  1.0000  1.0000  1.0000  1.0000  0.2178
 555.0  0.2192  1.0000  1.0000  1.0000  1.0000  0.2192
 560.0  0.2199  1.0000  1.0000  1.0000  1.0000  0.2199
 565.0  0.2206  1.0000  1.0000  1.0000  1.0000  0.2206
 570.0  0.2212  1.0000  1.0000  1.0000  1.0000  0.2212
 575.0  0.2213  1.0000  1.0000  1.0000  1.0000  0.2213
 580.0  0.2210  1.0000  1.0000  1.0000  1.0000  0.2210
 585.0  0.2197  1.0000  1.0000  1.0000  1.0000  0.2197
 590.0  0.2187  1.0000  1.0000  1.0000  1.0000  0.2187
 595.0  0.2188  1.0000  1.0000  1.0000  1.0000  0.2188
 600.0  0.2194  1.0000  1.0000  1.0000  1.0000  0.2194
 605.0  0.2203  1.0000  1.0000  1.0000  1.0000  0.2203
 610.0  0.2202  1.0000  1.0000  1.0000  1.0000  0.2202
 615.0  0.2169  1.0000  1.0000  1.0000  1.0000  0.2169
 620.0  0.2153  1.0000  1.0000  1.0000  1.0000  0.2153
 625.0  0.2153  1.0000  1.0000  1.0000  1.0000  0.2153
 630.0  0.2071  1.0000  1.0000  1.0000  1.0000  0.2071
 635.0  0.1819  1.0000  1.0000  1.0000  1.0000  0.1819
 640.0  0.1451  1.0000  1.0000  1.0000  1.0000  0.1451
 645.0  0.1032  1.0000  1.0000  1.0000  1.0000  0.1032
 650.0  0.0611  1.0000  1.0000  1.0000  1.0000  0.0611
D
 630.0  0.0062  1.0000  1.0000  1.0000  1.0000  0.0062
 635.0  0.0347  1.0000  1.0000  1.0000  1.0000  0.0347
 640.0  0.0729  1.0000  1.0000  1.0000  1.0000  0.0729
 645.0  0.1198  1.0000  1.0000  1.0000  1.0000  0.1198
 650.0  0.1768  1.0000  1.0000  1.0000  1.0000  0.1768
 655.0  0.2276  1.0000  1.0000  1.0000  1.0000  0.2276
 660.0  0.2584  1.0000  1.0000  1.0000  1.0000  0.2584
 665.0  0.2641  1.0000  1.0000  1.0000  1.0000  0.2641
 670.0  0.2601  1.0000  1.0000  1.0000  1.0000  0.2601
 675.0  0.2612  1.0000  1.0000  1.0000  1.0000  0.2612
 680.0  0.2626  1.0000  1.0000  1.0000  1.0000  0.2626
 685.0  0.2609  1.0000  1.0000  1.0000  1.0000  0.2609
 690.0  0.2558  1.0000  1.0000  1.0000  1.0000  0.2558
 695.0  0.2540  1.0000  1.0000  1.0000  1.0000  0.2540
 700.0  0.2548  1.0000  1.0000  1.0000  1.0000  0.2548
 705.0  0.2598  1.0000  1.0000  1.0000  1.0000  0.2598
 710.0  0.2635  1.0000  1.0000  1.0000  1.0000  0.2635
 715.0  0.2624  1.0000  1.0000  1.0000  1.0000  0.2624
 720.0  0.2605  1.0000  1.0000  1.0000  1.0000  0.2605
 725.0  0.2602  1.0000  1.0000  1.0000  1.0000  0.2602
 730.0  0.2612  1.0000  1.0000  1.0000  1.0000  0.2612
 735.0  0.2611  1.0000  1.0000  1.0000  1.0000  0.2611
 740.0  0.2600  1.0000  1.0000  1.0000  1.0000  0.2600
 745.0  0.2582  1.0000  1.0000  1.0000  1.0000  0.2582
 750.0  0.2568  1.0000  1.0000  1.0000  1.0000  0.2568
 755.0  0.2585  1.0000  1.0000  1.0000  1.0000  0.2585
 760.0  0.2610  1.0000  1.0000  1.0000  1.0000  0.2610
 765.0  0.2626  1.0000  1.0000  1.0000  1.0000  0.2626
 770.0  0.2612  1.0000  1.0000  1.0000  1.0000  0.2612
 775.0  0.2576  1.0000  1.0000  1.0000  1.0000  0.2576
 780.0  0.2529  1.0000  1.0000  1.0000  1.0000  0.2529
 785.0  0.2535  1.0000  1.0000  1.0000  1.0000  0.2535
 790.0  0.2565  1.0000  1.0000  1.0000  1.0000  0.2565
 795.0  0.2588  1.0000  1.0000  1.0000  1.0000  0.2588
 800.0  0.2589  1.0000  1.0000  1.0000  1.0000  0.2589
 805.0  0.2580  1.0000  1.0000  1.0000  1.0000  0.2580
 810.0  0.2560  1.0000  1.0000  1.0000  1.0000  0.2560
 815.0  0.2530  1.0000  1.0000  1.0000  1.0000  0.2530
 820.0  0.2522  1.0000  1.0000  1.0000  1.0000  0.2522
 825.0  0.2524  1.0000  1.0000  1.0000  1.0000  0.2524
 830.0  0.2545  1.0000  1.0000  1.0000  1.0000  0.2545
 835.0  0.2552  1.0000  1.0000  1.0000  1.0000  0.2552
 840.0  0.2554  1.0000  1.0000  1.0000  1.0000  0.2554
 845.0  0.2544  1.0000  1.0000  1.0000  1.0000  0.2544
 850.0  0.2517  1.0000  1.0000  1.0000  1.0000  0.2517
 855.0  0.2466  1.0000  1.0000  1.0000  1.0000  0.2466
 860.0  0.2430  1.0000  1.0000  1.0000  1.0000  0.2430
 865.0  0.2418  1.0000  1.0000  1.0000  1.0000  0.2418
 870.0  0.2445  1.0000  1.0000  1.0000  1.0000  0.2445
 875.0  0.2462  1.0000  1.0000  1.0000  1.0000  0.2462
 880.0  0.2531  1.0000  1.0000  1.0000  1.0000  0.2531
 885.0  0.2525  1.0000  1.0000  1.0000  1.0000  0.2525
 890.0  0.2511  1.0000  1.0000  1.0000  1.0000  0.2511
 895.0  0.2511  1.0000  1.0000  1.0000  1.0000  0.2511
 900.0  0.2496  1.0000  1.0000  1.0000  1.0000  0.2496
 905.0  0.2453  1.0000  1.0000  1.0000  1.0000  0.2453
 910.0  0.2409  1.0000  1.0000  1.0000  1.0000  0.2409
 915.0  0.2375  1.0000  1.0000  1.0000  1.0000  0.2375
 920.0  0.2334  1.0000  1.0000  1.0000  1.0000  0.2334
 925.0  0.2314  1.0000  1.0000  1.0000  1.0000  0.2314
 930.0  0.2299  1.0000  1.0000  1.0000  1.0000  0.2299
 935.0  0.2278  1.0000  1.0000  1.0000  1.0000  0.2278
 940.0  0.2182  1.0000  1.0000  1.0000  1.0000  0.2182
 945.0  0.1955  1.0000  1.0000  1.0000  1.0000  0.1955
 950.0  0.1653  1.0000  1.0000  1.0000  1.0000  0.1653
 955.0  0.1310  1.0000  1.0000  1.0000  1.0000  0.1310
 960.0  0.0881  1.0000  1.0000  1.0000  1.0000  0.0881
 965.0  0.0380  1.0000  1.0000  1.0000  1.0000  0.0380
 970.0  0.0024  1.0000  1.0000  1.0000  1.0000  0.0024
D
 940.0  0.0013  1.0000  1.0000  1.0000  1.0000  0.0013
 945.0  0.0132  1.0000  1.0000  1.0000  1.0000  0.0132
 950.0  0.0328  1.0000  1.0000  1.0000  1.0000  0.0328
 955.0  0.0587  1.0000  1.0000  1.0000  1.0000  0.0587
 960.0  0.0945  1.0000  1.0000  1.0000  1.0000  0.0945
 965.0  0.1402  1.0000  1.0000  1.0000  1.0000  0.1402
 970.0  0.1759  1.0000  1.0000  1.0000  1.0000  0.1759
 975.0  0.1860  1.0000  1.0000  1.0000  1.0000  0.1860
 980.0  0.1841  1.0000  1.0000  1.0000  1.0000  0.1841
 985.0  0.1856  1.0000  1.0000  1.0000  1.0000  0.1856
 990.0  0.1901  1.0000  1.0000  1.0000  1.0000  0.1901
 995.0  0.1931  1.0000  1.0000  1.0000  1.0000  0.1931
1000.0  0.1972  1.0000  1.0000  1.0000  1.0000  0.1972
1005.0  0.1986  1.0000  1.0000  1.0000  1.0000  0.1986
1010.0  0.2002  1.0000  1.0000  1.0000  1.0000  0.2002
1015.0  0.2014  1.0000  1.0000  1.0000  1.0000  0.2014
1020.0  0.2028  1.0000  1.0000  1.0000  1.0000  0.2028
1025.0  0.2059  1.0000  1.0000  1.0000  1.0000  0.2059
1030.0  0.2088  1.0000  1.0000  1.0000  1.0000  0.2088
1035.0  0.2109  1.0000  1.0000  1.0000  1.0000  0.2109
1040.0  0.2126  1.0000  1.0000  1.0000  1.0000  0.2126
1045.0  0.2145  1.0000  1.0000  1.0000  1.0000  0.2145
1050.0  0.2161  1.0000  1.0000  1.0000  1.0000  0.2161
1055.0  0.2168  1.0000  1.0000  1.0000  1.0000  0.2168
1060.0  0.2172  1.0000  1.0000  1.0000  1.0000  0.2172
1065.0  0.2177  1.0000  1.0000  1.0000  1.0000  0.2177
1070.0  0.2174  1.0000  1.0000  1.0000  1.0000  0.2174
1075.0  0.2159  1.0000  1.0000  1.0000  1.0000  0.2159
1080.0  0.2156  1.0000  1.0000  1.0000  1.0000  0.2156
1085.0  0.2190  1.0000  1.0000  1.0000  1.0000  0.2190
1090.0  0.2204  1.0000  1.0000  1.0000  1.0000  0.2204
1095.0  0.2165  1.0000  1.0000  1.0000  1.0000  0.2165
1100.0  0.2145  1.0000  1.0000  1.0000  1.0000  0.2145
1105.0  0.2218  1.0000  1.0000  1.0000  1.0000  0.2218
1110.0  0.2319  1.0000  1.0000  1.0000  1.0000  0.2319
1115.0  0.2347  1.0000  1.0000  1.0000  1.0000  0.2347
1120.0  0.2319  1.0000  1.0000  1.0000  1.0000  0.2319
1125.0  0.2298  1.0000  1.0000  1.0000  1.0000  0.2298
1130.0  0.2284  1.0000  1.0000  1.0000  1.0000  0.2284
1135.0  0.2283  1.0000  1.0000  1.0000  1.0000  0.2283
1140.0  0.2278  1.0000  1.0000  1.0000  1.0000  0.2278
1145.0  0.2258  1.0000  1.0000  1.0000  1.0000  0.2258
1150.0  0.2239  1.0000  1.0000  1.0000  1.0000  0.2239
1155.0  0.2204  1.0000  1.0000  1.0000  1.0000  0.2204
1160.0  0.2130  1.0000  1.0000  1.0000  1.0000  0.2130
1165.0  0.2006  1.0000  1.0000  1.0000  1.0000  0.2006
1170.0  0.1947  1.0000  1.0000  1.0000  1.0000  0.1947
1175.0  0.2021  1.0000  1.0000  1.0000  1.0000  0.2021
1180.0  0.2120  1.0000  1.0000  1.0000  1.0000  0.2120
1185.0  0.2125  1.0000  1.0000  1.0000  1.0000  0.2125
1190.0  0.2080  1.0000  1.0000  1.0000  1.0000  0.2080
1195.0  0.2066  1.0000  1.0000  1.0000  1.0000  0.2066
1200.0  0.2075  1.0000  1.0000  1.0000  1.0000  0.2075
1205.0  0.2083  1.0000  1.0000  1.0000  1.0000  0.2083
1210.0  0.2069  1.0000  1.0000  1.0000  1.0000  0.2069
1215.0  0.2037  1.0000  1.0000  1.0000  1.0000  0.2037
1220.0  0.1989  1.0000  1.0000  1.0000  1.0000  0.1989
1225.0  0.1953  1.0000  1.0000  1.0000  1.0000  0.1953
1230.0  0.1927  1.0000  1.0000  1.0000  1.0000  0.1927
1235.0  0.1888  1.0000  1.0000  1.0000  1.0000  0.1888
1240.0  0.1760  1.0000  1.0000  1.0000  1.0000  0.1760
1245.0  0.1521  1.0000  1.0000  1.0000  1.0000  0.1521
1250.0  0.1418  1.0000  1.0000  1.0000  1.0000  0.1418
1255.0  0.1596  1.0000  1.0000  1.0000  1.0000  0.1596
1260.0  0.1535  1.0000  1.0000  1.0000  1.0000  0.1535
D
