# PFS Configuration File
# 2023 Aug 15 : throughput model : 20230815.sm3.vph_updated.dat
#
OPTICS 8.3 0.22 0.65 23.39 23.92 24.48 25.07 25.68
SPOT 7.1 8.4 9.7 11.2 13.2
VIGNET 0.94 0.90 0.84 0.78 0.71
FIBER 63.5
ARMS 3
HGCDTE 2
MEDIUM_RESOLUTION 0
PARAM 0 380 650 4096 5
PARAM 1 630 970 4096 5
PARAM 2 940 1260 4096 5
CAMERA 0 1.10 100 15.0 173 14.1 47.0 2.0e-4 4 100
CAMERA 1 1.10 250 15.0 173 14.1 47.0 1.0e-4 4 100
CAMERA 2 1.10  20 15.0 100 14.1 47.0 0.01   4 100
NLINES 0 6.73e4
NLINES 1 5.57e4
NLINES 2 5.91e4
THRPUT
 380.0  0.0000  1.0000  1.0000  1.0000  1.0000  0.0000
 390.0  0.0651  1.0000  1.0000  1.0000  1.0000  0.0651
 400.0  0.0879  1.0000  1.0000  1.0000  1.0000  0.0879
 410.0  0.1035  1.0000  1.0000  1.0000  1.0000  0.1035
 420.0  0.1135  1.0000  1.0000  1.0000  1.0000  0.1135
 430.0  0.1206  1.0000  1.0000  1.0000  1.0000  0.1206
 440.0  0.1229  1.0000  1.0000  1.0000  1.0000  0.1229
 450.0  0.1286  1.0000  1.0000  1.0000  1.0000  0.1286
 460.0  0.1376  1.0000  1.0000  1.0000  1.0000  0.1376
 470.0  0.1422  1.0000  1.0000  1.0000  1.0000  0.1422
 480.0  0.1478  1.0000  1.0000  1.0000  1.0000  0.1478
 490.0  0.1484  1.0000  1.0000  1.0000  1.0000  0.1484
 500.0  0.1499  1.0000  1.0000  1.0000  1.0000  0.1499
 510.0  0.1514  1.0000  1.0000  1.0000  1.0000  0.1514
 520.0  0.1529  1.0000  1.0000  1.0000  1.0000  0.1529
 530.0  0.1528  1.0000  1.0000  1.0000  1.0000  0.1528
 540.0  0.1547  1.0000  1.0000  1.0000  1.0000  0.1547
 550.0  0.1548  1.0000  1.0000  1.0000  1.0000  0.1548
 560.0  0.1550  1.0000  1.0000  1.0000  1.0000  0.1550
 570.0  0.1546  1.0000  1.0000  1.0000  1.0000  0.1546
 580.0  0.1532  1.0000  1.0000  1.0000  1.0000  0.1532
 590.0  0.1514  1.0000  1.0000  1.0000  1.0000  0.1514
 600.0  0.1475  1.0000  1.0000  1.0000  1.0000  0.1475
 610.0  0.1460  1.0000  1.0000  1.0000  1.0000  0.1460
 620.0  0.1412  1.0000  1.0000  1.0000  1.0000  0.1412
 630.0  0.1260  1.0000  1.0000  1.0000  1.0000  0.1260
 640.0  0.0681  1.0000  1.0000  1.0000  1.0000  0.0681
 650.0  0.0000  1.0000  1.0000  1.0000  1.0000  0.0000
D
 630.0  0.0000  1.0000  1.0000  1.0000  1.0000  0.0000
 640.0  0.1281  1.0000  1.0000  1.0000  1.0000  0.1281
 650.0  0.2208  1.0000  1.0000  1.0000  1.0000  0.2208
 660.0  0.2223  1.0000  1.0000  1.0000  1.0000  0.2223
 670.0  0.2211  1.0000  1.0000  1.0000  1.0000  0.2211
 680.0  0.2190  1.0000  1.0000  1.0000  1.0000  0.2190
 690.0  0.2131  1.0000  1.0000  1.0000  1.0000  0.2131
 700.0  0.2150  1.0000  1.0000  1.0000  1.0000  0.2150
 710.0  0.2090  1.0000  1.0000  1.0000  1.0000  0.2090
 720.0  0.2046  1.0000  1.0000  1.0000  1.0000  0.2046
 730.0  0.2017  1.0000  1.0000  1.0000  1.0000  0.2017
 740.0  0.1988  1.0000  1.0000  1.0000  1.0000  0.1988
 750.0  0.2005  1.0000  1.0000  1.0000  1.0000  0.2005
 760.0  0.2025  1.0000  1.0000  1.0000  1.0000  0.2025
 770.0  0.1961  1.0000  1.0000  1.0000  1.0000  0.1961
 780.0  0.1950  1.0000  1.0000  1.0000  1.0000  0.1950
 790.0  0.1973  1.0000  1.0000  1.0000  1.0000  0.1973
 800.0  0.1948  1.0000  1.0000  1.0000  1.0000  0.1948
 810.0  0.1902  1.0000  1.0000  1.0000  1.0000  0.1902
 820.0  0.1906  1.0000  1.0000  1.0000  1.0000  0.1906
 830.0  0.1937  1.0000  1.0000  1.0000  1.0000  0.1937
 840.0  0.1906  1.0000  1.0000  1.0000  1.0000  0.1906
 850.0  0.1851  1.0000  1.0000  1.0000  1.0000  0.1851
 860.0  0.1813  1.0000  1.0000  1.0000  1.0000  0.1813
 870.0  0.1828  1.0000  1.0000  1.0000  1.0000  0.1828
 880.0  0.1856  1.0000  1.0000  1.0000  1.0000  0.1856
 890.0  0.1813  1.0000  1.0000  1.0000  1.0000  0.1813
 900.0  0.1812  1.0000  1.0000  1.0000  1.0000  0.1812
 910.0  0.1736  1.0000  1.0000  1.0000  1.0000  0.1736
 920.0  0.1700  1.0000  1.0000  1.0000  1.0000  0.1700
 930.0  0.1653  1.0000  1.0000  1.0000  1.0000  0.1653
 940.0  0.1459  1.0000  1.0000  1.0000  1.0000  0.1459
 950.0  0.0909  1.0000  1.0000  1.0000  1.0000  0.0909
 960.0  0.0198  1.0000  1.0000  1.0000  1.0000  0.0198
 970.0  0.0000  1.0000  1.0000  1.0000  1.0000  0.0000
D
 940.0  0.0000  1.0000  1.0000  1.0000  1.0000  0.0000
 950.0  0.0781  1.0000  1.0000  1.0000  1.0000  0.0781
 960.0  0.1676  1.0000  1.0000  1.0000  1.0000  0.1676
 970.0  0.1936  1.0000  1.0000  1.0000  1.0000  0.1936
 980.0  0.1966  1.0000  1.0000  1.0000  1.0000  0.1966
 990.0  0.1916  1.0000  1.0000  1.0000  1.0000  0.1916
 1000.0  0.1927  1.0000  1.0000  1.0000  1.0000  0.1927
 1010.0  0.1955  1.0000  1.0000  1.0000  1.0000  0.1955
 1020.0  0.1958  1.0000  1.0000  1.0000  1.0000  0.1958
 1030.0  0.1930  1.0000  1.0000  1.0000  1.0000  0.1930
 1040.0  0.1942  1.0000  1.0000  1.0000  1.0000  0.1942
 1050.0  0.1903  1.0000  1.0000  1.0000  1.0000  0.1903
 1060.0  0.1879  1.0000  1.0000  1.0000  1.0000  0.1879
 1070.0  0.1825  1.0000  1.0000  1.0000  1.0000  0.1825
 1080.0  0.1782  1.0000  1.0000  1.0000  1.0000  0.1782
 1090.0  0.1732  1.0000  1.0000  1.0000  1.0000  0.1732
 1100.0  0.1791  1.0000  1.0000  1.0000  1.0000  0.1791
 1110.0  0.1706  1.0000  1.0000  1.0000  1.0000  0.1706
 1120.0  0.1665  1.0000  1.0000  1.0000  1.0000  0.1665
 1130.0  0.1617  1.0000  1.0000  1.0000  1.0000  0.1617
 1140.0  0.1549  1.0000  1.0000  1.0000  1.0000  0.1549
 1150.0  0.1489  1.0000  1.0000  1.0000  1.0000  0.1489
 1160.0  0.1430  1.0000  1.0000  1.0000  1.0000  0.1430
 1170.0  0.1414  1.0000  1.0000  1.0000  1.0000  0.1414
 1180.0  0.1260  1.0000  1.0000  1.0000  1.0000  0.1260
 1190.0  0.1316  1.0000  1.0000  1.0000  1.0000  0.1316
 1200.0  0.1278  1.0000  1.0000  1.0000  1.0000  0.1278
 1210.0  0.1199  1.0000  1.0000  1.0000  1.0000  0.1199
 1220.0  0.1138  1.0000  1.0000  1.0000  1.0000  0.1138
 1230.0  0.1075  1.0000  1.0000  1.0000  1.0000  0.1075
 1240.0  0.0988  1.0000  1.0000  1.0000  1.0000  0.0988
 1250.0  0.0943  1.0000  1.0000  1.0000  1.0000  0.0943
 1260.0  0.0000  1.0000  1.0000  1.0000  1.0000  0.0000
D